4.717057645320892334e-01 2.529141604900360107e-01 2.155569493770599365e-01 2.181235104799270630e-01 4.572953283786773682e-01 4.871598482131958008e-01 5.682593584060668945e-01 2.103392481803894043e-01 2.052034139633178711e-01 1.015613451600074768e-01 1.732302904129028320e-01 1.346113085746765137e-01
2.880009114742279053e-01 2.753043472766876221e-01 7.886627316474914551e-01 7.075513005256652832e-01 4.232635200023651123e-01 1.528811305761337280e-01 5.089890956878662109e-01 3.383451998233795166e-01 2.332597374916076660e-01 4.486733675003051758e-01 2.783967256546020508e-01 2.481393814086914062e-01
4.111569821834564209e-01 3.609428107738494873e-01 5.779750347137451172e-01 2.394141107797622681e-01 1.345819234848022461e-01 3.491203188896179199e-01 5.221508145332336426e-01 2.339033335447311401e-01 6.933019161224365234e-01 4.185965657234191895e-01 4.917000234127044678e-01 3.013595342636108398e-01
9.348241984844207764e-02 1.846313327550888062e-01 2.456476241350173950e-01 1.957582235336303711e-01 1.521236896514892578e-01 1.984498053789138794e-01 2.062634676694869995e-01 2.697412371635437012e-01 5.290359258651733398e-01 2.380252033472061157e-01 3.288024961948394775e-01 3.651008307933807373e-01
8.525876402854919434e-01 6.445562243461608887e-01 4.170560538768768311e-01 1.425176262855529785e-01 2.200727015733718872e-01 2.013790160417556763e-01 1.627384871244430542e-01 1.557859182357788086e-01 1.671349853277206421e-01 5.523432493209838867e-01 2.262359410524368286e-01 2.200107872486114502e-01
2.147009372711181641e-01 1.591543406248092651e-01 2.778305709362030029e-01 2.623255848884582520e-01 6.926220655441284180e-01 5.791864991188049316e-01 1.171414256095886230e-01 2.838889062404632568e-01 4.659505188465118408e-01 2.153868675231933594e-01 1.846881806850433350e-01 8.925325274467468262e-01
2.599335014820098877e-01 3.682712614536285400e-01 4.383711814880371094e-01 2.969801723957061768e-01 1.858826279640197754e-01 2.731511592864990234e-01 3.125011324882507324e-01 1.553158760070800781e-01 1.775728166103363037e-01 2.058769464492797852e-01 2.491247355937957764e-01 1.892029494047164917e-01
1.784066706895828247e-01 4.330696761608123779e-01 1.695529371500015259e-01 1.541993767023086548e-01 9.999997615814208984e-01 2.051497697830200195e-01 9.999998807907104492e-01 2.702482342720031738e-01 2.798388004302978516e-01 2.271822690963745117e-01 1.860641092061996460e-01 3.014756441116333008e-01
1.000000000000000000e+00 4.969328939914703369e-01 2.169370353221893311e-01 1.000000000000000000e+00 1.000000000000000000e+00 1.000000000000000000e+00 1.000000000000000000e+00 9.999997615814208984e-01 3.044941127300262451e-01 1.000000000000000000e+00 1.000000000000000000e+00 1.000000000000000000e+00
5.217437744140625000e-01 6.717186570167541504e-01 7.546150088310241699e-01 3.358706533908843994e-01 9.999959468841552734e-01 3.827427327632904053e-01 9.999983310699462891e-01 9.956058859825134277e-01 9.999758005142211914e-01 5.352104902267456055e-01 1.438711732625961304e-01 9.999991655349731445e-01
9.833072423934936523e-01 9.999979734420776367e-01 6.833320856094360352e-01 9.999957084655761719e-01 9.999446868896484375e-01 9.999806880950927734e-01 9.999887943267822266e-01 2.520682215690612793e-01 2.737327218055725098e-01 9.999945163726806641e-01 9.998825788497924805e-01 4.360908567905426025e-01
9.999097585678100586e-01 9.999728202819824219e-01 9.999996423721313477e-01 9.999967813491821289e-01 9.999915361404418945e-01 9.999967813491821289e-01 9.999965429306030273e-01 9.999978542327880859e-01 9.999456405639648438e-01 9.903269261121749878e-02 9.886071085929870605e-01 9.999938011169433594e-01
