MOTIF AKAP1_HepG2_CACAC
0.0	0.0	1.0	0.0	0.6	0.0	0.0	
0.6	1.0	0.0	1.0	0.4	0.8	1.0	
0.2	0.0	0.0	0.0	0.0	0.2	0.0	
0.2	0.0	0.0	0.0	0.0	0.0	0.0	

MOTIF AKAP1_HepG2_CUCCC
0.1111111111111111	0.0	0.0	0.0	0.0	0.037037037037037035	0.07407407407407407	
0.37037037037037035	0.7777777777777778	0.07407407407407407	0.8518518518518519	0.9629629629629629	0.8148148148148148	0.48148148148148145	
0.2222222222222222	0.1111111111111111	0.0	0.1111111111111111	0.0	0.037037037037037035	0.1111111111111111	
0.2962962962962963	0.1111111111111111	0.9259259259259259	0.037037037037037035	0.037037037037037035	0.1111111111111111	0.3333333333333333	

MOTIF AKAP1_HepG2_GUGGG
0.09523809523809523	0.0	0.14285714285714285	0.0	0.0	0.0	0.047619047619047616	
0.19047619047619047	0.3333333333333333	0.0	0.0	0.0	0.0	0.2857142857142857	
0.19047619047619047	0.6666666666666666	0.047619047619047616	1.0	0.8571428571428571	0.9047619047619048	0.38095238095238093	
0.5238095238095238	0.0	0.8095238095238095	0.0	0.14285714285714285	0.09523809523809523	0.2857142857142857	

MOTIF AKAP1_HepG2_GGCAG
0.25	0.08333333333333333	0.0	0.08333333333333333	0.9166666666666666	0.08333333333333333	0.08333333333333333	
0.0	0.0	0.0	0.6666666666666666	0.0	0.16666666666666666	0.25	
0.5833333333333334	0.9166666666666666	1.0	0.25	0.0	0.75	0.5	
0.16666666666666666	0.0	0.0	0.0	0.08333333333333333	0.0	0.16666666666666666	

MOTIF AKAP1_HepG2_AGGGC
0.0	0.75	0.0	0.0	0.0	0.0	0.25	
0.375	0.0	0.0	0.0	0.25	1.0	0.5	
0.375	0.125	1.0	0.75	0.75	0.0	0.0	
0.25	0.125	0.0	0.25	0.0	0.0	0.25	

MOTIF AKAP1_HepG2_GCCUG
0.25	0.0	0.0	0.0	0.0	0.0	0.08333333333333333	
0.0	0.25	1.0	1.0	0.0	0.08333333333333333	0.25	
0.4166666666666667	0.5833333333333334	0.0	0.0	0.0	0.75	0.16666666666666666	
0.3333333333333333	0.16666666666666666	0.0	0.0	1.0	0.16666666666666666	0.5	

MOTIF AKAP1_HepG2_AGCCC
0.125	0.875	0.0	0.0	0.0	0.125	0.0	
0.5	0.0	0.125	1.0	0.875	0.875	0.625	
0.375	0.125	0.875	0.0	0.0	0.0	0.0	
0.0	0.0	0.0	0.0	0.125	0.0	0.375	

MOTIF AKAP1_HepG2_ACCCU
0.25	0.5	0.0	0.0	0.0	0.0	0.5	
0.25	0.25	1.0	1.0	1.0	0.25	0.5	
0.5	0.25	0.0	0.0	0.0	0.0	0.0	
0.0	0.0	0.0	0.0	0.0	0.75	0.0	

MOTIF AKAP1_HepG2_CCUUC
0.0	0.0	0.0	0.0	0.0	0.0	0.0	
0.0	1.0	0.6666666666666666	0.0	0.0	0.6666666666666666	0.6666666666666666	
0.6666666666666666	0.0	0.0	0.0	0.0	0.3333333333333333	0.0	
0.3333333333333333	0.0	0.3333333333333333	1.0	1.0	0.0	0.3333333333333333	

MOTIF AKAP1_HepG2_AGAGG
0.0	0.5	0.0	1.0	0.0	0.0	0.0	
1.0	0.0	0.0	0.0	0.0	0.0	0.5	
0.0	0.0	1.0	0.0	1.0	1.0	0.5	
0.0	0.5	0.0	0.0	0.0	0.0	0.0	

MOTIF AKAP1_HepG2_CUCAG
0.0	0.0	0.0	0.0	0.5555555555555556	0.0	0.2222222222222222	
0.5555555555555556	1.0	0.1111111111111111	0.8888888888888888	0.0	0.0	0.4444444444444444	
0.1111111111111111	0.0	0.0	0.1111111111111111	0.0	1.0	0.3333333333333333	
0.3333333333333333	0.0	0.8888888888888888	0.0	0.4444444444444444	0.0	0.0	

MOTIF AKAP1_HepG2_GGUCC
0.0	0.0	0.3333333333333333	0.0	0.0	0.0	0.0	
0.3333333333333333	0.0	0.0	0.0	1.0	1.0	0.6666666666666666	
0.0	0.6666666666666666	0.6666666666666666	0.0	0.0	0.0	0.3333333333333333	
0.6666666666666666	0.3333333333333333	0.0	1.0	0.0	0.0	0.0	

MOTIF AKAP1_HepG2_GGCCA
0.25	0.0	0.0	0.25	0.0	0.75	0.0	
0.0	0.0	0.0	0.75	1.0	0.0	0.25	
0.5	1.0	1.0	0.0	0.0	0.25	0.25	
0.25	0.0	0.0	0.0	0.0	0.0	0.5	

MOTIF AKAP1_HepG2_CCCCA
0.0	0.0	0.0	0.0	0.0	1.0	0.0	
0.0	1.0	1.0	1.0	1.0	0.0	0.0	
0.0	0.0	0.0	0.0	0.0	0.0	0.0	
1.0	0.0	0.0	0.0	0.0	0.0	1.0	

MOTIF AKAP1_HepG2_GGGUG
0.0	0.0	0.0	0.3333333333333333	0.0	0.0	0.3333333333333333	
0.0	0.0	0.0	0.0	0.0	0.0	0.3333333333333333	
0.6666666666666666	1.0	1.0	0.6666666666666666	0.0	1.0	0.3333333333333333	
0.3333333333333333	0.0	0.0	0.0	1.0	0.0	0.0	

MOTIF AKAP1_HepG2_GCUGG
0.0	0.0	0.0	0.0	0.0	0.0	0.0	
0.0	0.3333333333333333	1.0	0.0	0.0	0.0	0.3333333333333333	
0.3333333333333333	0.6666666666666666	0.0	0.0	1.0	1.0	0.6666666666666666	
0.6666666666666666	0.0	0.0	1.0	0.0	0.0	0.0	

MOTIF AKAP1_HepG2_CUAGG
0.0	0.0	0.5	1.0	0.0	0.0	0.5	
1.0	1.0	0.0	0.0	0.0	0.0	0.0	
0.0	0.0	0.0	0.0	1.0	1.0	0.0	
0.0	0.0	0.5	0.0	0.0	0.0	0.5	

MOTIF AKAP1_HepG2_CUGUG
0.25	0.0	0.0	0.0	0.0	0.0	0.0	
0.25	1.0	0.0	0.0	0.0	0.0	0.25	
0.25	0.0	0.0	1.0	0.0	1.0	0.5	
0.25	0.0	1.0	0.0	1.0	0.0	0.25	

MOTIF AKAP1_HepG2_CAGGCU
0.0	1.0	0.0	0.0	0.0	0.0	0.0	
1.0	0.0	0.0	0.0	1.0	0.0	0.0	
0.0	0.0	1.0	1.0	0.0	0.0	1.0	
0.0	0.0	0.0	0.0	0.0	1.0	0.0	

MOTIF BCLAF1_HepG2_UCCUU
0.21428571428571427	0.030612244897959183	0.061224489795918366	0.08163265306122448	0.04081632653061224	0.0	0.1326530612244898	
0.23469387755102042	0.0	0.5918367346938775	0.8571428571428571	0.0	0.02040816326530612	0.24489795918367346	
0.11224489795918367	0.0	0.030612244897959183	0.0	0.0	0.030612244897959183	0.16326530612244897	
0.4387755102040816	0.9693877551020408	0.3163265306122449	0.061224489795918366	0.9591836734693877	0.9489795918367347	0.45918367346938777	

MOTIF BCLAF1_HepG2_CUGUU
0.21518987341772153	0.12658227848101267	0.05063291139240506	0.012658227848101266	0.012658227848101266	0.0379746835443038	0.16455696202531644	
0.13924050632911392	0.5316455696202531	0.0	0.13924050632911392	0.0	0.012658227848101266	0.189873417721519	
0.1518987341772152	0.11392405063291139	0.0	0.7088607594936709	0.0	0.0	0.11392405063291139	
0.4936708860759494	0.22784810126582278	0.9493670886075949	0.13924050632911392	0.9873417721518988	0.9493670886075949	0.5316455696202531	

MOTIF BCLAF1_HepG2_UCAAA
0.2711864406779661	0.15254237288135594	0.01694915254237288	0.8813559322033898	0.9152542372881356	0.7966101694915254	0.288135593220339	
0.1016949152542373	0.05084745762711865	0.847457627118644	0.06779661016949153	0.0	0.0	0.22033898305084745	
0.15254237288135594	0.03389830508474576	0.05084745762711865	0.0	0.05084745762711865	0.06779661016949153	0.2542372881355932	
0.4745762711864407	0.7627118644067796	0.0847457627118644	0.05084745762711865	0.03389830508474576	0.13559322033898305	0.23728813559322035	

MOTIF BCLAF1_HepG2_UUCCA
0.20833333333333334	0.041666666666666664	0.0	0.10416666666666667	0.0	0.8541666666666666	0.10416666666666667	
0.20833333333333334	0.0	0.0	0.6875	0.7916666666666666	0.0	0.14583333333333334	
0.08333333333333333	0.0	0.0	0.08333333333333333	0.0625	0.041666666666666664	0.22916666666666666	
0.5	0.9583333333333334	1.0	0.125	0.14583333333333334	0.10416666666666667	0.5208333333333334	

MOTIF BCLAF1_HepG2_UUGGA
0.21739130434782608	0.021739130434782608	0.0	0.08695652173913043	0.13043478260869565	0.8913043478260869	0.17391304347826086	
0.13043478260869565	0.0	0.0	0.0	0.0	0.043478260869565216	0.17391304347826086	
0.08695652173913043	0.043478260869565216	0.0	0.6304347826086957	0.7608695652173914	0.0	0.10869565217391304	
0.5652173913043478	0.9347826086956522	1.0	0.2826086956521739	0.10869565217391304	0.06521739130434782	0.5434782608695652	

MOTIF BCLAF1_HepG2_UGAUG
0.3728813559322034	0.0	0.0847457627118644	1.0	0.1016949152542373	0.13559322033898305	0.3728813559322034	
0.15254237288135594	0.0	0.0	0.0	0.0	0.06779661016949153	0.1016949152542373	
0.1016949152542373	0.0	0.8135593220338984	0.0	0.0	0.6271186440677966	0.13559322033898305	
0.3728813559322034	1.0	0.1016949152542373	0.0	0.8983050847457628	0.1694915254237288	0.3898305084745763	

MOTIF BCLAF1_HepG2_UUACU
0.16176470588235295	0.04411764705882353	0.014705882352941176	0.6911764705882353	0.058823529411764705	0.0	0.22058823529411764	
0.23529411764705882	0.029411764705882353	0.0	0.0	0.7941176470588235	0.16176470588235295	0.16176470588235295	
0.25	0.04411764705882353	0.0	0.07352941176470588	0.029411764705882353	0.0	0.14705882352941177	
0.35294117647058826	0.8823529411764706	0.9852941176470589	0.23529411764705882	0.11764705882352941	0.8382352941176471	0.47058823529411764	

MOTIF BCLAF1_HepG2_CAAGU
0.2222222222222222	0.037037037037037035	0.9629629629629629	0.8888888888888888	0.0	0.25925925925925924	0.4074074074074074	
0.1111111111111111	0.6296296296296297	0.037037037037037035	0.0	0.0	0.0	0.07407407407407407	
0.25925925925925924	0.07407407407407407	0.0	0.07407407407407407	0.9629629629629629	0.037037037037037035	0.037037037037037035	
0.4074074074074074	0.25925925925925924	0.0	0.037037037037037035	0.037037037037037035	0.7037037037037037	0.48148148148148145	

MOTIF BCLAF1_HepG2_GUAAG
0.2413793103448276	0.10344827586206896	0.10344827586206896	0.9310344827586207	0.9310344827586207	0.13793103448275862	0.20689655172413793	
0.10344827586206896	0.0	0.0	0.0	0.0	0.06896551724137931	0.06896551724137931	
0.13793103448275862	0.7586206896551724	0.0	0.06896551724137931	0.0	0.5862068965517241	0.2413793103448276	
0.5172413793103449	0.13793103448275862	0.896551724137931	0.0	0.06896551724137931	0.20689655172413793	0.4827586206896552	

MOTIF BCLAF1_HepG2_UAAAG
0.38235294117647056	0.17647058823529413	1.0	0.9117647058823529	1.0	0.23529411764705882	0.20588235294117646	
0.29411764705882354	0.0	0.0	0.08823529411764706	0.0	0.0	0.08823529411764706	
0.08823529411764706	0.0	0.0	0.0	0.0	0.5294117647058824	0.4117647058823529	
0.23529411764705882	0.8235294117647058	0.0	0.0	0.0	0.23529411764705882	0.29411764705882354	

MOTIF BCLAF1_HepG2_AACCA
0.2777777777777778	0.8888888888888888	1.0	0.1111111111111111	0.0	0.6666666666666666	0.2222222222222222	
0.2222222222222222	0.1111111111111111	0.0	0.7222222222222222	0.9444444444444444	0.05555555555555555	0.3333333333333333	
0.16666666666666666	0.0	0.0	0.05555555555555555	0.0	0.0	0.16666666666666666	
0.3333333333333333	0.0	0.0	0.1111111111111111	0.05555555555555555	0.2777777777777778	0.2777777777777778	

MOTIF BCLAF1_HepG2_GAAUU
0.27450980392156865	0.1568627450980392	1.0	0.8823529411764706	0.0196078431372549	0.09803921568627451	0.17647058823529413	
0.17647058823529413	0.11764705882352941	0.0	0.0	0.0	0.11764705882352941	0.1568627450980392	
0.058823529411764705	0.5294117647058824	0.0	0.0392156862745098	0.0	0.058823529411764705	0.13725490196078433	
0.49019607843137253	0.19607843137254902	0.0	0.0784313725490196	0.9803921568627451	0.7254901960784313	0.5294117647058824	

MOTIF BCLAF1_HepG2_GUUUG
0.2765957446808511	0.1702127659574468	0.0	0.0	0.0	0.14893617021276595	0.10638297872340426	
0.2765957446808511	0.14893617021276595	0.0	0.0	0.0	0.02127659574468085	0.23404255319148937	
0.14893617021276595	0.46808510638297873	0.0	0.0	0.0	0.6382978723404256	0.10638297872340426	
0.2978723404255319	0.2127659574468085	1.0	1.0	1.0	0.19148936170212766	0.5531914893617021	

MOTIF BCLAF1_HepG2_CAGAA
0.14814814814814814	0.2222222222222222	0.9629629629629629	0.0	0.8888888888888888	0.8148148148148148	0.4074074074074074	
0.1111111111111111	0.7037037037037037	0.0	0.0	0.037037037037037035	0.0	0.037037037037037035	
0.2222222222222222	0.037037037037037035	0.0	1.0	0.0	0.0	0.4074074074074074	
0.5185185185185185	0.037037037037037035	0.037037037037037035	0.0	0.07407407407407407	0.18518518518518517	0.14814814814814814	

MOTIF BCLAF1_HepG2_ACAAU
0.22727272727272727	0.8636363636363636	0.3181818181818182	0.9545454545454546	0.8636363636363636	0.045454545454545456	0.22727272727272727	
0.18181818181818182	0.045454545454545456	0.6363636363636364	0.0	0.0	0.045454545454545456	0.22727272727272727	
0.18181818181818182	0.045454545454545456	0.0	0.0	0.045454545454545456	0.0	0.22727272727272727	
0.4090909090909091	0.045454545454545456	0.045454545454545456	0.045454545454545456	0.09090909090909091	0.9090909090909091	0.3181818181818182	

MOTIF BCLAF1_HepG2_UAUUU
0.33783783783783783	0.02702702702702703	0.8513513513513513	0.0	0.12162162162162163	0.02702702702702703	0.14864864864864866	
0.17567567567567569	0.16216216216216217	0.0	0.0	0.08108108108108109	0.05405405405405406	0.25675675675675674	
0.14864864864864866	0.02702702702702703	0.0	0.013513513513513514	0.013513513513513514	0.06756756756756757	0.12162162162162163	
0.33783783783783783	0.7837837837837838	0.14864864864864866	0.9864864864864865	0.7837837837837838	0.8513513513513513	0.47297297297297297	

MOTIF BCLAF1_HepG2_CACUU
0.0	0.16666666666666666	1.0	0.0	0.0	0.0	0.0	
0.16666666666666666	0.16666666666666666	0.0	1.0	0.0	0.0	0.16666666666666666	
0.16666666666666666	0.0	0.0	0.0	0.0	0.0	0.3333333333333333	
0.6666666666666666	0.6666666666666666	0.0	0.0	1.0	1.0	0.5	

MOTIF BCLAF1_HepG2_UUCUG
0.3055555555555556	0.027777777777777776	0.0	0.0	0.027777777777777776	0.08333333333333333	0.3055555555555556	
0.3333333333333333	0.0	0.0	1.0	0.0	0.2222222222222222	0.16666666666666666	
0.1111111111111111	0.0	0.0	0.0	0.0	0.4722222222222222	0.1111111111111111	
0.25	0.9722222222222222	1.0	0.0	0.9722222222222222	0.2222222222222222	0.4166666666666667	

MOTIF BCLAF1_HepG2_AACAG
0.16666666666666666	1.0	1.0	0.0	0.9444444444444444	0.0	0.05555555555555555	
0.3888888888888889	0.0	0.0	0.8333333333333334	0.0	0.0	0.5555555555555556	
0.1111111111111111	0.0	0.0	0.16666666666666666	0.0	0.6111111111111112	0.05555555555555555	
0.3333333333333333	0.0	0.0	0.0	0.05555555555555555	0.3888888888888889	0.3333333333333333	

MOTIF BCLAF1_HepG2_AAUAA
0.30434782608695654	0.8260869565217391	1.0	0.0	0.9565217391304348	0.43478260869565216	0.391304347826087	
0.21739130434782608	0.0	0.0	0.0	0.0	0.17391304347826086	0.17391304347826086	
0.043478260869565216	0.043478260869565216	0.0	0.0	0.043478260869565216	0.13043478260869565	0.13043478260869565	
0.43478260869565216	0.13043478260869565	0.0	1.0	0.0	0.2608695652173913	0.30434782608695654	

MOTIF BCLAF1_HepG2_UUUUA
0.21951219512195122	0.0	0.0	0.07317073170731707	0.0	0.9024390243902439	0.12195121951219512	
0.17073170731707318	0.07317073170731707	0.04878048780487805	0.0	0.0	0.0975609756097561	0.24390243902439024	
0.1951219512195122	0.04878048780487805	0.0	0.0	0.0	0.0	0.2682926829268293	
0.4146341463414634	0.8780487804878049	0.9512195121951219	0.926829268292683	1.0	0.0	0.36585365853658536	

MOTIF BCLAF1_HepG2_UACCU
0.6	0.0	1.0	0.0	0.2	0.1	0.1	
0.0	0.0	0.0	0.9	0.8	0.0	0.3	
0.2	0.0	0.0	0.1	0.0	0.0	0.2	
0.2	1.0	0.0	0.0	0.0	0.9	0.4	

MOTIF BCLAF1_HepG2_CUACA
0.0	0.0	0.0	0.5	0.0	1.0	0.0	
0.0	0.75	0.0	0.0	1.0	0.0	0.25	
0.5	0.25	0.0	0.0	0.0	0.0	0.0	
0.5	0.0	1.0	0.5	0.0	0.0	0.75	

MOTIF BCLAF1_HepG2_AUCUU
0.09615384615384616	0.9038461538461539	0.0	0.0	0.25	0.057692307692307696	0.038461538461538464	
0.5	0.019230769230769232	0.0	1.0	0.0	0.019230769230769232	0.5192307692307693	
0.09615384615384616	0.038461538461538464	0.019230769230769232	0.0	0.0	0.019230769230769232	0.11538461538461539	
0.3076923076923077	0.038461538461538464	0.9807692307692307	0.0	0.75	0.9038461538461539	0.3269230769230769	

MOTIF BCLAF1_HepG2_GCUUA
0.0	0.0	0.0	0.0	0.0	0.8333333333333334	0.0	
0.0	0.16666666666666666	0.8333333333333334	0.0	0.0	0.0	0.16666666666666666	
0.0	0.6666666666666666	0.16666666666666666	0.0	0.0	0.0	0.0	
1.0	0.16666666666666666	0.0	1.0	1.0	0.16666666666666666	0.8333333333333334	

MOTIF BCLAF1_HepG2_GUUAU
0.38461538461538464	0.23076923076923078	0.0	0.0	1.0	0.15384615384615385	0.3076923076923077	
0.07692307692307693	0.07692307692307693	0.0	0.0	0.0	0.15384615384615385	0.38461538461538464	
0.15384615384615385	0.6923076923076923	0.23076923076923078	0.0	0.0	0.0	0.15384615384615385	
0.38461538461538464	0.0	0.7692307692307693	1.0	0.0	0.6923076923076923	0.15384615384615385	

MOTIF BCLAF1_HepG2_UUAAC
0.6666666666666666	0.0	0.0	0.6666666666666666	1.0	0.0	0.3333333333333333	
0.0	0.0	0.0	0.0	0.0	1.0	0.3333333333333333	
0.0	0.0	0.3333333333333333	0.3333333333333333	0.0	0.0	0.3333333333333333	
0.3333333333333333	1.0	0.6666666666666666	0.0	0.0	0.0	0.0	

MOTIF BCLAF1_HepG2_GUUGA
0.2222222222222222	0.3333333333333333	0.0	0.1111111111111111	0.0	0.8888888888888888	0.4444444444444444	
0.1111111111111111	0.0	0.0	0.0	0.0	0.0	0.0	
0.1111111111111111	0.6666666666666666	0.0	0.0	1.0	0.1111111111111111	0.1111111111111111	
0.5555555555555556	0.0	1.0	0.8888888888888888	0.0	0.0	0.4444444444444444	

MOTIF BCLAF1_HepG2_CUUGU
0.25	0.4166666666666667	0.0	0.0	0.0	0.0	0.08333333333333333	
0.16666666666666666	0.4166666666666667	0.0	0.0	0.0	0.0	0.6666666666666666	
0.08333333333333333	0.0	0.0	0.0	1.0	0.0	0.0	
0.5	0.16666666666666666	1.0	1.0	0.0	1.0	0.25	

MOTIF BCLAF1_HepG2_UAUGA
0.375	0.0	1.0	0.0	0.0	0.75	0.375	
0.25	0.0	0.0	0.0	0.125	0.125	0.25	
0.0	0.0	0.0	0.0	0.875	0.0	0.0	
0.375	1.0	0.0	1.0	0.0	0.125	0.375	

MOTIF BCLAF1_HepG2_UUCAU
0.2	0.0	0.0	0.0	0.9	0.0	0.03333333333333333	
0.26666666666666666	0.03333333333333333	0.0	1.0	0.0	0.03333333333333333	0.3	
0.16666666666666666	0.03333333333333333	0.0	0.0	0.1	0.03333333333333333	0.1	
0.36666666666666664	0.9333333333333333	1.0	0.0	0.0	0.9333333333333333	0.5666666666666667	

MOTIF BCLAF1_HepG2_GAAGA
0.2222222222222222	0.0	1.0	1.0	0.2222222222222222	1.0	0.2222222222222222	
0.1111111111111111	0.2222222222222222	0.0	0.0	0.0	0.0	0.1111111111111111	
0.3333333333333333	0.7777777777777778	0.0	0.0	0.7777777777777778	0.0	0.3333333333333333	
0.3333333333333333	0.0	0.0	0.0	0.0	0.0	0.3333333333333333	

MOTIF BCLAF1_HepG2_AAGGA
0.2222222222222222	0.6666666666666666	1.0	0.0	0.0	1.0	0.5555555555555556	
0.4444444444444444	0.2222222222222222	0.0	0.0	0.0	0.0	0.1111111111111111	
0.1111111111111111	0.1111111111111111	0.0	1.0	1.0	0.0	0.2222222222222222	
0.2222222222222222	0.0	0.0	0.0	0.0	0.0	0.1111111111111111	

MOTIF BCLAF1_HepG2_UAUAC
0.4444444444444444	0.0	1.0	0.0	0.8888888888888888	0.1111111111111111	0.4444444444444444	
0.1111111111111111	0.0	0.0	0.0	0.1111111111111111	0.4444444444444444	0.1111111111111111	
0.4444444444444444	0.0	0.0	0.0	0.0	0.2222222222222222	0.1111111111111111	
0.0	1.0	0.0	1.0	0.0	0.2222222222222222	0.3333333333333333	

MOTIF BCLAF1_HepG2_AAACU
0.6	1.0	1.0	1.0	0.0	0.2	0.2	
0.2	0.0	0.0	0.0	1.0	0.2	0.4	
0.2	0.0	0.0	0.0	0.0	0.2	0.0	
0.0	0.0	0.0	0.0	0.0	0.4	0.4	

MOTIF BCLAF1_HepG2_AUGCA
0.6666666666666666	1.0	0.0	0.0	0.0	1.0	0.3333333333333333	
0.3333333333333333	0.0	0.0	0.0	0.3333333333333333	0.0	0.6666666666666666	
0.0	0.0	0.0	1.0	0.0	0.0	0.0	
0.0	0.0	1.0	0.0	0.6666666666666666	0.0	0.0	

MOTIF BCLAF1_HepG2_CCUAA
0.0	0.5	0.0	0.0	1.0	1.0	0.5	
0.5	0.5	1.0	0.0	0.0	0.0	0.0	
0.0	0.0	0.0	0.0	0.0	0.0	0.0	
0.5	0.0	0.0	1.0	0.0	0.0	0.5	

MOTIF BCLAF1_HepG2_AUAGA
0.125	1.0	0.0	1.0	0.0	0.5	0.25	
0.125	0.0	0.0	0.0	0.0	0.0	0.25	
0.125	0.0	0.375	0.0	1.0	0.125	0.125	
0.625	0.0	0.625	0.0	0.0	0.375	0.375	

MOTIF BCLAF1_HepG2_AAAUC
0.5	1.0	0.75	1.0	0.0	0.0	0.25	
0.0	0.0	0.0	0.0	0.0	1.0	0.0	
0.0	0.0	0.0	0.0	0.0	0.0	0.0	
0.5	0.0	0.25	0.0	1.0	0.0	0.75	

MOTIF BCLAF1_HepG2_ACAUA
0.6	0.8	0.0	1.0	0.0	1.0	0.0	
0.0	0.2	0.8	0.0	0.0	0.0	0.6	
0.2	0.0	0.2	0.0	0.0	0.0	0.2	
0.2	0.0	0.0	0.0	1.0	0.0	0.2	

MOTIF BCLAF1_HepG2_AUUGC
0.0	1.0	0.0	0.0	0.0	0.0	0.3333333333333333	
0.6666666666666666	0.0	0.0	0.0	0.0	0.6666666666666666	0.0	
0.3333333333333333	0.0	0.0	0.0	1.0	0.3333333333333333	0.0	
0.0	0.0	1.0	1.0	0.0	0.0	0.6666666666666666	

MOTIF BCLAF1_HepG2_GAUUC
0.5	0.0	1.0	0.0	0.0	0.0	0.0	
0.0	0.0	0.0	0.0	0.0	1.0	0.5	
0.0	1.0	0.0	0.0	0.0	0.0	0.0	
0.5	0.0	0.0	1.0	1.0	0.0	0.5	

MOTIF BCLAF1_HepG2_ACUGA
1.0	1.0	0.0	0.0	0.0	1.0	1.0	
0.0	0.0	1.0	0.0	0.0	0.0	0.0	
0.0	0.0	0.0	0.0	1.0	0.0	0.0	
0.0	0.0	0.0	1.0	0.0	0.0	0.0	

MOTIF BCLAF1_HepG2_GAUCA
0.0	0.0	1.0	0.0	0.0	1.0	0.0	
0.0	0.0	0.0	0.0	1.0	0.0	1.0	
0.0	1.0	0.0	0.0	0.0	0.0	0.0	
1.0	0.0	0.0	1.0	0.0	0.0	0.0	

MOTIF BCLAF1_HepG2_UGGUA
0.7142857142857143	0.0	0.0	0.0	0.0	1.0	0.14285714285714285	
0.14285714285714285	0.0	0.2857142857142857	0.0	0.0	0.0	0.0	
0.0	0.0	0.7142857142857143	1.0	0.0	0.0	0.2857142857142857	
0.14285714285714285	1.0	0.0	0.0	1.0	0.0	0.5714285714285714	

MOTIF BCLAF1_HepG2_GGAAA
0.0	0.0	0.0	1.0	1.0	1.0	0.0	
0.0	0.0	0.0	0.0	0.0	0.0	0.0	
0.3333333333333333	1.0	1.0	0.0	0.0	0.0	0.0	
0.6666666666666666	0.0	0.0	0.0	0.0	0.0	1.0	

MOTIF BCLAF1_HepG2_AGUAU
0.0	0.6666666666666666	0.0	0.0	1.0	0.0	0.0	
0.6666666666666666	0.0	0.0	0.0	0.0	0.0	0.6666666666666666	
0.0	0.0	1.0	0.0	0.0	0.0	0.0	
0.3333333333333333	0.3333333333333333	0.0	1.0	0.0	1.0	0.3333333333333333	

MOTIF BCLAF1_HepG2_CUUUC
0.0	0.0	0.0	0.0	0.0	0.0	0.25	
0.0	1.0	0.0	0.0	0.0	1.0	0.0	
0.25	0.0	0.0	0.0	0.0	0.0	0.0	
0.75	0.0	1.0	1.0	1.0	0.0	0.75	

MOTIF BCLAF1_HepG2_UCUAU
0.0	0.0	0.0	0.0	0.5714285714285714	0.0	0.2857142857142857	
0.42857142857142855	0.0	1.0	0.0	0.42857142857142855	0.2857142857142857	0.2857142857142857	
0.42857142857142855	0.0	0.0	0.0	0.0	0.0	0.2857142857142857	
0.14285714285714285	1.0	0.0	1.0	0.0	0.7142857142857143	0.14285714285714285	

MOTIF BCLAF1_HepG2_UAGGU
0.0	0.0	1.0	0.0	0.0	0.0	0.5	
0.0	0.0	0.0	0.0	0.0	0.25	0.0	
0.0	0.0	0.0	1.0	1.0	0.0	0.25	
1.0	1.0	0.0	0.0	0.0	0.75	0.25	

MOTIF BCLAF1_HepG2_ACGAA
0.0	1.0	0.0	0.0	1.0	1.0	1.0	
0.5	0.0	1.0	0.0	0.0	0.0	0.0	
0.0	0.0	0.0	1.0	0.0	0.0	0.0	
0.5	0.0	0.0	0.0	0.0	0.0	0.0	

MOTIF BCLAF1_HepG2_AAUGU
0.1	1.0	1.0	0.0	0.0	0.0	0.1	
0.1	0.0	0.0	0.0	0.0	0.0	0.2	
0.0	0.0	0.0	0.0	1.0	0.0	0.0	
0.8	0.0	0.0	1.0	0.0	1.0	0.7	

MOTIF BCLAF1_HepG2_CAUUA
0.0	0.0	1.0	0.0	0.0	0.7777777777777778	0.3333333333333333	
0.4444444444444444	1.0	0.0	0.0	0.0	0.0	0.1111111111111111	
0.0	0.0	0.0	0.0	0.0	0.1111111111111111	0.0	
0.5555555555555556	0.0	0.0	1.0	1.0	0.1111111111111111	0.5555555555555556	

MOTIF BCLAF1_HepG2_AGCAA
0.0	1.0	0.0	0.0	1.0	1.0	0.0	
1.0	0.0	0.0	1.0	0.0	0.0	1.0	
0.0	0.0	1.0	0.0	0.0	0.0	0.0	
0.0	0.0	0.0	0.0	0.0	0.0	0.0	

MOTIF DDX3X_HepG2_CCGGG
0.02531645569620253	0.02531645569620253	0.0759493670886076	0.02531645569620253	0.012658227848101266	0.012658227848101266	0.17721518987341772	
0.4430379746835443	0.7341772151898734	0.9113924050632911	0.02531645569620253	0.08860759493670886	0.0379746835443038	0.3037974683544304	
0.34177215189873417	0.17721518987341772	0.0	0.9113924050632911	0.8987341772151899	0.9240506329113924	0.43037974683544306	
0.189873417721519	0.06329113924050633	0.012658227848101266	0.0379746835443038	0.0	0.02531645569620253	0.08860759493670886	

MOTIF DDX3X_HepG2_CUGCU
0.05714285714285714	0.0	0.0	0.0	0.0	0.08571428571428572	0.02857142857142857	
0.2857142857142857	1.0	0.02857142857142857	0.08571428571428572	0.9714285714285714	0.05714285714285714	0.22857142857142856	
0.5428571428571428	0.0	0.0	0.9142857142857143	0.02857142857142857	0.22857142857142856	0.7142857142857143	
0.11428571428571428	0.0	0.9714285714285714	0.0	0.0	0.6285714285714286	0.02857142857142857	

MOTIF DDX3X_HepG2_GGAGG
0.15217391304347827	0.06521739130434782	0.0	0.7608695652173914	0.0	0.021739130434782608	0.08695652173913043	
0.391304347826087	0.043478260869565216	0.06521739130434782	0.043478260869565216	0.021739130434782608	0.021739130434782608	0.391304347826087	
0.391304347826087	0.8695652173913043	0.9347826086956522	0.13043478260869565	0.9782608695652174	0.9347826086956522	0.4782608695652174	
0.06521739130434782	0.021739130434782608	0.0	0.06521739130434782	0.0	0.021739130434782608	0.043478260869565216	

MOTIF DDX3X_HepG2_CAGCC
0.11764705882352941	0.0	0.5294117647058824	0.0	0.0	0.058823529411764705	0.058823529411764705	
0.35294117647058826	1.0	0.4117647058823529	0.0	1.0	0.7058823529411765	0.29411764705882354	
0.35294117647058826	0.0	0.058823529411764705	1.0	0.0	0.11764705882352941	0.4117647058823529	
0.17647058823529413	0.0	0.0	0.0	0.0	0.11764705882352941	0.23529411764705882	

MOTIF DDX3X_HepG2_GCGAG
0.3076923076923077	0.0	0.07692307692307693	0.0	0.8461538461538461	0.07692307692307693	0.07692307692307693	
0.5384615384615384	0.07692307692307693	0.8461538461538461	0.0	0.07692307692307693	0.0	0.23076923076923078	
0.15384615384615385	0.9230769230769231	0.0	1.0	0.0	0.8461538461538461	0.6923076923076923	
0.0	0.0	0.07692307692307693	0.0	0.07692307692307693	0.07692307692307693	0.0	

MOTIF DDX3X_HepG2_GUCGC
0.0	0.0	0.0	0.0	0.0	0.0	0.0	
0.6666666666666666	0.25	0.16666666666666666	1.0	0.16666666666666666	0.8333333333333334	0.5	
0.16666666666666666	0.6666666666666666	0.0	0.0	0.8333333333333334	0.16666666666666666	0.08333333333333333	
0.16666666666666666	0.08333333333333333	0.8333333333333334	0.0	0.0	0.0	0.4166666666666667	

MOTIF DDX3X_HepG2_UCGGU
0.125	0.125	0.0	0.0	0.0	0.0	0.125	
0.625	0.0	1.0	0.0	0.0	0.375	0.5	
0.125	0.125	0.0	1.0	1.0	0.125	0.375	
0.125	0.75	0.0	0.0	0.0	0.5	0.0	

MOTIF DDX3X_HepG2_GCGCU
0.3333333333333333	0.0	0.0	0.0	0.0	0.3333333333333333	0.0	
0.16666666666666666	0.0	1.0	0.0	1.0	0.0	0.5	
0.16666666666666666	1.0	0.0	0.8333333333333334	0.0	0.0	0.16666666666666666	
0.3333333333333333	0.0	0.0	0.16666666666666666	0.0	0.6666666666666666	0.3333333333333333	

MOTIF DDX3X_HepG2_GCUGG
0.15384615384615385	0.0	0.0	0.0	0.0	0.15384615384615385	0.23076923076923078	
0.0	0.07692307692307693	1.0	0.0	0.07692307692307693	0.0	0.38461538461538464	
0.6153846153846154	0.9230769230769231	0.0	0.0	0.9230769230769231	0.8461538461538461	0.3076923076923077	
0.23076923076923078	0.0	0.0	1.0	0.0	0.0	0.07692307692307693	

MOTIF DDX3X_HepG2_GGGUC
0.0625	0.0	0.0	0.0	0.0625	0.0625	0.0625	
0.1875	0.0	0.125	0.0	0.0	0.9375	0.4375	
0.3125	1.0	0.875	1.0	0.125	0.0	0.3125	
0.4375	0.0	0.0	0.0	0.8125	0.0	0.1875	

MOTIF DDX3X_HepG2_GACCG
0.0	0.0	0.6666666666666666	0.0	0.0	0.0	0.0	
0.0	0.0	0.3333333333333333	1.0	1.0	0.0	0.6666666666666666	
1.0	1.0	0.0	0.0	0.0	1.0	0.3333333333333333	
0.0	0.0	0.0	0.0	0.0	0.0	0.0	

MOTIF DDX3X_HepG2_CCAUG
0.0	0.0	0.0	1.0	0.0	0.0	0.0	
0.4	1.0	1.0	0.0	0.6	0.0	0.6	
0.2	0.0	0.0	0.0	0.0	1.0	0.2	
0.4	0.0	0.0	0.0	0.4	0.0	0.2	

MOTIF DDX3X_HepG2_GCGGC
0.14285714285714285	0.0	0.0	0.0	0.0	0.09523809523809523	0.0	
0.23809523809523808	0.0	1.0	0.0	0.0	0.9047619047619048	0.3333333333333333	
0.42857142857142855	1.0	0.0	1.0	1.0	0.0	0.5714285714285714	
0.19047619047619047	0.0	0.0	0.0	0.0	0.0	0.09523809523809523	

MOTIF DDX3X_HepG2_GUGGG
0.1111111111111111	0.0	0.0	0.0	0.0	0.0	0.1111111111111111	
0.3333333333333333	0.1111111111111111	0.0	0.0	0.1111111111111111	0.0	0.1111111111111111	
0.3333333333333333	0.8888888888888888	0.0	1.0	0.8888888888888888	1.0	0.6666666666666666	
0.2222222222222222	0.0	1.0	0.0	0.0	0.0	0.1111111111111111	

MOTIF DDX3X_HepG2_GCCGA
0.2	0.0	0.0	0.0	0.0	0.8	0.0	
0.4	0.0	1.0	1.0	0.4	0.2	0.8	
0.4	1.0	0.0	0.0	0.6	0.0	0.2	
0.0	0.0	0.0	0.0	0.0	0.0	0.0	

MOTIF DDX3X_HepG2_CCCCC
0.0	0.0	0.0	0.0	0.0	0.0	0.08333333333333333	
0.25	0.9166666666666666	0.8333333333333334	0.6666666666666666	0.9166666666666666	0.9166666666666666	0.16666666666666666	
0.3333333333333333	0.0	0.0	0.0	0.0	0.08333333333333333	0.6666666666666666	
0.4166666666666667	0.08333333333333333	0.16666666666666666	0.3333333333333333	0.08333333333333333	0.0	0.08333333333333333	

MOTIF DDX3X_HepG2_GCCUG
0.0	0.0	0.0	0.0	0.0	0.0	0.0	
0.3333333333333333	0.0	1.0	1.0	0.0	0.3333333333333333	0.6666666666666666	
0.3333333333333333	1.0	0.0	0.0	0.0	0.6666666666666666	0.3333333333333333	
0.3333333333333333	0.0	0.0	0.0	1.0	0.0	0.0	

MOTIF DDX3X_HepG2_CCGCA
0.0	0.0	0.0	0.0	0.0	1.0	0.0	
0.0	1.0	1.0	0.0	1.0	0.0	0.0	
1.0	0.0	0.0	1.0	0.0	0.0	1.0	
0.0	0.0	0.0	0.0	0.0	0.0	0.0	

MOTIF DDX3X_HepG2_CCUCG
0.0	0.0	0.0	0.0	0.0	0.0	0.16666666666666666	
0.3333333333333333	0.8333333333333334	1.0	0.0	1.0	0.0	0.0	
0.16666666666666666	0.16666666666666666	0.0	0.0	0.0	1.0	0.6666666666666666	
0.5	0.0	0.0	1.0	0.0	0.0	0.16666666666666666	

MOTIF DDX3X_HepG2_UGGCG
0.4	0.0	0.0	0.0	0.0	0.0	0.0	
0.0	0.0	0.0	0.0	1.0	0.0	0.2	
0.6	0.4	1.0	1.0	0.0	1.0	0.6	
0.0	0.6	0.0	0.0	0.0	0.0	0.2	

MOTIF DDX3X_HepG2_GGUGC
0.2	0.0	0.0	0.0	0.0	0.0	0.2	
0.6	0.4	0.0	0.0	0.0	1.0	0.2	
0.2	0.6	1.0	0.0	1.0	0.0	0.2	
0.0	0.0	0.0	1.0	0.0	0.0	0.4	

MOTIF DDX3X_HepG2_CCCAG
0.0	0.0	0.0	0.0	1.0	0.0	0.25	
0.75	1.0	1.0	1.0	0.0	0.0	0.25	
0.25	0.0	0.0	0.0	0.0	1.0	0.5	
0.0	0.0	0.0	0.0	0.0	0.0	0.0	

MOTIF DDX3X_HepG2_CGGAA
0.0	0.0	0.0	0.0	1.0	1.0	0.5	
0.5	1.0	0.0	0.0	0.0	0.0	0.5	
0.5	0.0	1.0	1.0	0.0	0.0	0.0	
0.0	0.0	0.0	0.0	0.0	0.0	0.0	

MOTIF DDX3X_HepG2_GCUCC
0.0	0.0	0.0	0.0	0.0	0.0	0.0	
0.4	0.0	1.0	0.0	1.0	1.0	0.0	
0.4	1.0	0.0	0.0	0.0	0.0	0.6	
0.2	0.0	0.0	1.0	0.0	0.0	0.4	

MOTIF DDX3X_HepG2_CUAGC
0.0	0.0	0.0	1.0	0.0	0.0	0.0	
0.0	1.0	0.0	0.0	0.0	1.0	0.0	
1.0	0.0	0.0	0.0	1.0	0.0	0.0	
0.0	0.0	1.0	0.0	0.0	0.0	1.0	

MOTIF DDX3X_HepG2_GGGGA
0.3333333333333333	0.0	0.0	0.0	0.0	0.8333333333333334	0.0	
0.16666666666666666	0.0	0.0	0.0	0.0	0.0	0.6666666666666666	
0.3333333333333333	1.0	1.0	1.0	1.0	0.16666666666666666	0.16666666666666666	
0.16666666666666666	0.0	0.0	0.0	0.0	0.0	0.16666666666666666	

MOTIF DDX3X_HepG2_GCACG
0.5	0.0	0.0	1.0	0.0	0.0	0.0	
0.5	0.0	1.0	0.0	1.0	0.0	1.0	
0.0	1.0	0.0	0.0	0.0	1.0	0.0	
0.0	0.0	0.0	0.0	0.0	0.0	0.0	

MOTIF DDX3X_HepG2_AGCAG
0.0	1.0	0.0	0.0	1.0	0.0	0.0	
1.0	0.0	0.0	1.0	0.0	0.0	1.0	
0.0	0.0	1.0	0.0	0.0	1.0	0.0	
0.0	0.0	0.0	0.0	0.0	0.0	0.0	

MOTIF DDX3X_HepG2_AGGCC
0.0	0.5	0.0	0.0	0.0	0.0	0.5	
1.0	0.0	0.0	0.0	1.0	1.0	0.0	
0.0	0.0	1.0	1.0	0.0	0.0	0.5	
0.0	0.5	0.0	0.0	0.0	0.0	0.0	

MOTIF DDX3X_HepG2_CUACGG
0.0	0.0	0.1111111111111111	0.0	0.0	0.0	0.1111111111111111	
1.0	0.0	0.4444444444444444	1.0	0.0	0.0	0.3333333333333333	
0.0	0.0	0.4444444444444444	0.0	1.0	1.0	0.5555555555555556	
0.0	1.0	0.0	0.0	0.0	0.0	0.0	

MOTIF DDX3X_HepG2_CCUUCC
0.0	0.0	0.0	0.0	0.0	0.0	0.1111111111111111	
0.8888888888888888	1.0	0.0	0.3333333333333333	1.0	1.0	0.5555555555555556	
0.1111111111111111	0.0	0.0	0.0	0.0	0.0	0.1111111111111111	
0.0	0.0	1.0	0.6666666666666666	0.0	0.0	0.2222222222222222	

MOTIF G3BP1_HepG2_ACCUG
0.25	1.0	0.0	0.0	0.0	0.0	0.5	
0.0	0.0	1.0	1.0	0.0	0.0	0.0	
0.0	0.0	0.0	0.0	0.0	0.75	0.5	
0.75	0.0	0.0	0.0	1.0	0.25	0.0	

MOTIF G3BP1_HepG2_CUUAC
0.0	0.0	0.0	0.0	1.0	0.0	0.0	
0.3333333333333333	0.6666666666666666	0.0	0.0	0.0	1.0	0.6666666666666666	
0.6666666666666666	0.3333333333333333	0.0	0.0	0.0	0.0	0.0	
0.0	0.0	1.0	1.0	0.0	0.0	0.3333333333333333	

MOTIF G3BP1_HepG2_AGGUA
0.0	1.0	0.0	0.0	0.0	0.0	1.0	
1.0	0.0	0.0	0.0	0.0	1.0	0.0	
0.0	0.0	1.0	1.0	0.0	0.0	0.0	
0.0	0.0	0.0	0.0	1.0	0.0	0.0	

MOTIF G3BP1_HepG2_CUUCUCC
0.0	0.0	0.0	0.0	0.0	0.0	0.0	
1.0	0.0	0.0	1.0	0.0	1.0	1.0	
0.0	0.0	0.0	0.0	0.0	0.0	0.0	
0.0	1.0	1.0	0.0	1.0	0.0	0.0	

MOTIF GRWD1_HepG2_UUCUU
0.06896551724137931	0.13793103448275862	0.0	0.0	0.06896551724137931	0.0	0.0	
0.5862068965517241	0.20689655172413793	0.0	1.0	0.034482758620689655	0.0	0.8275862068965517	
0.20689655172413793	0.0	0.0	0.0	0.034482758620689655	0.034482758620689655	0.034482758620689655	
0.13793103448275862	0.6551724137931034	1.0	0.0	0.8620689655172413	0.9655172413793104	0.13793103448275862	

MOTIF GRWD1_HepG2_CUGCU
0.0	0.0	0.0	0.0	0.0	0.0	0.2222222222222222	
0.2222222222222222	1.0	0.0	0.0	1.0	0.0	0.0	
0.5555555555555556	0.0	0.2222222222222222	1.0	0.0	0.0	0.3333333333333333	
0.2222222222222222	0.0	0.7777777777777778	0.0	0.0	1.0	0.4444444444444444	

MOTIF GRWD1_HepG2_UCCUC
0.4117647058823529	0.0	0.0	0.29411764705882354	0.0	0.0	0.17647058823529413	
0.4117647058823529	0.0	1.0	0.6470588235294118	0.0	1.0	0.5882352941176471	
0.11764705882352941	0.0	0.0	0.058823529411764705	0.058823529411764705	0.0	0.0	
0.058823529411764705	1.0	0.0	0.0	0.9411764705882353	0.0	0.23529411764705882	

MOTIF GRWD1_HepG2_GCGCU
0.6666666666666666	0.0	0.3333333333333333	0.0	0.0	0.0	0.0	
0.0	0.0	0.6666666666666666	0.0	1.0	0.0	0.3333333333333333	
0.0	1.0	0.0	1.0	0.0	0.0	0.0	
0.3333333333333333	0.0	0.0	0.0	0.0	1.0	0.6666666666666666	

MOTIF GRWD1_HepG2_AGGUG
0.0	1.0	0.0	0.0	0.5	0.5	0.0	
0.5	0.0	0.0	0.0	0.0	0.0	0.0	
0.5	0.0	1.0	1.0	0.0	0.5	0.5	
0.0	0.0	0.0	0.0	0.5	0.0	0.5	

MOTIF GRWD1_HepG2_AACAG
0.0	1.0	0.6666666666666666	0.0	1.0	0.0	0.3333333333333333	
0.6666666666666666	0.0	0.0	1.0	0.0	0.0	0.3333333333333333	
0.3333333333333333	0.0	0.0	0.0	0.0	1.0	0.0	
0.0	0.0	0.3333333333333333	0.0	0.0	0.0	0.3333333333333333	

MOTIF GRWD1_HepG2_AAGAA
0.1111111111111111	0.8888888888888888	1.0	0.0	1.0	0.8888888888888888	0.2222222222222222	
0.2222222222222222	0.0	0.0	0.0	0.0	0.0	0.1111111111111111	
0.6666666666666666	0.0	0.0	1.0	0.0	0.0	0.5555555555555556	
0.0	0.1111111111111111	0.0	0.0	0.0	0.1111111111111111	0.1111111111111111	

MOTIF GRWD1_HepG2_GAUGA
0.5	0.0	1.0	0.0	0.0	1.0	0.25	
0.0	0.0	0.0	0.0	0.0	0.0	0.0	
0.0	1.0	0.0	0.25	1.0	0.0	0.0	
0.5	0.0	0.0	0.75	0.0	0.0	0.75	

MOTIF GRWD1_HepG2_CUCAC
1.0	0.0	0.0	0.0	1.0	0.0	0.0	
0.0	1.0	0.0	0.0	0.0	1.0	1.0	
0.0	0.0	0.0	0.0	0.0	0.0	0.0	
0.0	0.0	1.0	1.0	0.0	0.0	0.0	

MOTIF GRWD1_HepG2_AGCGA
0.0	1.0	0.0	0.0	0.0	0.6666666666666666	0.0	
0.3333333333333333	0.0	0.0	1.0	0.0	0.0	0.3333333333333333	
0.6666666666666666	0.0	1.0	0.0	1.0	0.3333333333333333	0.3333333333333333	
0.0	0.0	0.0	0.0	0.0	0.0	0.3333333333333333	

MOTIF GRWD1_HepG2_CUUCA
0.14285714285714285	0.0	0.14285714285714285	0.0	0.0	0.8571428571428571	0.14285714285714285	
0.42857142857142855	1.0	0.0	0.0	1.0	0.14285714285714285	0.14285714285714285	
0.14285714285714285	0.0	0.0	0.0	0.0	0.0	0.42857142857142855	
0.2857142857142857	0.0	0.8571428571428571	1.0	0.0	0.0	0.2857142857142857	

MOTIF GRWD1_HepG2_CGGGA
0.0	0.0	0.0	0.0	0.0	1.0	0.0	
0.0	1.0	0.0	0.0	0.0	0.0	0.0	
0.0	0.0	1.0	1.0	1.0	0.0	1.0	
1.0	0.0	0.0	0.0	0.0	0.0	0.0	

MOTIF GRWD1_HepG2_GGCCG
0.0	0.0	0.0	0.3333333333333333	0.0	0.0	0.0	
0.0	0.0	0.0	0.6666666666666666	1.0	0.0	0.3333333333333333	
0.0	1.0	1.0	0.0	0.0	1.0	0.0	
1.0	0.0	0.0	0.0	0.0	0.0	0.6666666666666666	

MOTIF GRWD1_HepG2_ACCUG
0.0	1.0	0.0	0.0	0.0	0.0	1.0	
0.0	0.0	1.0	1.0	0.0	0.0	0.0	
0.0	0.0	0.0	0.0	0.0	1.0	0.0	
1.0	0.0	0.0	0.0	1.0	0.0	0.0	

MOTIF GRWD1_HepG2_AGACG
0.0	1.0	0.0	1.0	0.0	0.0	0.0	
0.0	0.0	0.0	0.0	1.0	0.0	0.0	
1.0	0.0	1.0	0.0	0.0	1.0	0.0	
0.0	0.0	0.0	0.0	0.0	0.0	1.0	

MOTIF GRWD1_HepG2_UGGAU
0.0	0.0	0.0	0.0	1.0	0.0	0.5	
0.5	0.0	0.0	0.0	0.0	0.0	0.0	
0.5	0.0	1.0	1.0	0.0	0.0	0.5	
0.0	1.0	0.0	0.0	0.0	1.0	0.0	

MOTIF GRWD1_HepG2_GAACG
0.0	0.0	1.0	1.0	0.0	0.0	1.0	
0.0	0.0	0.0	0.0	1.0	0.0	0.0	
0.0	1.0	0.0	0.0	0.0	1.0	0.0	
1.0	0.0	0.0	0.0	0.0	0.0	0.0	

MOTIF GRWD1_HepG2_UGAUC
0.0	0.0	0.0	1.0	0.0	0.0	0.0	
0.0	0.0	0.0	0.0	0.0	1.0	0.0	
1.0	0.0	1.0	0.0	0.0	0.0	1.0	
0.0	1.0	0.0	0.0	1.0	0.0	0.0	

MOTIF GRWD1_HepG2_GAAGCU
0.0	1.0	1.0	0.0	0.5	0.0	0.0	
0.0	0.0	0.0	0.0	0.5	0.0	0.0	
1.0	0.0	0.0	1.0	0.0	0.0	0.5	
0.0	0.0	0.0	0.0	0.0	1.0	0.5	

MOTIF GRWD1_HepG2_GUAAGU
0.0	0.0	1.0	1.0	0.0	0.0	0.0	
0.0	0.0	0.0	0.0	0.0	0.0	0.0	
1.0	0.0	0.0	0.0	1.0	0.0	0.0	
0.0	1.0	0.0	0.0	0.0	1.0	1.0	

MOTIF LARP4_HepG2_CUCUC
0.0	0.0	0.0	0.0	0.0	0.0	0.0	
1.0	1.0	0.0	1.0	0.0	1.0	0.0	
0.0	0.0	0.0	0.0	0.0	0.0	0.0	
0.0	0.0	1.0	0.0	1.0	0.0	1.0	

MOTIF LARP4_HepG2_CCCCA
0.6666666666666666	0.0	0.0	0.0	0.0	0.6666666666666666	0.0	
0.0	1.0	1.0	1.0	1.0	0.3333333333333333	0.0	
0.3333333333333333	0.0	0.0	0.0	0.0	0.0	0.3333333333333333	
0.0	0.0	0.0	0.0	0.0	0.0	0.6666666666666666	

MOTIF LARP4_HepG2_GGCAG
0.0	0.0	0.0	0.0	0.6666666666666666	0.0	0.3333333333333333	
0.0	0.0	0.0	0.6666666666666666	0.0	0.0	0.0	
1.0	1.0	1.0	0.3333333333333333	0.0	1.0	0.6666666666666666	
0.0	0.0	0.0	0.0	0.3333333333333333	0.0	0.0	

MOTIF LARP4_HepG2_GGGCU
0.0	0.0	0.0	0.0	0.0	0.0	0.0	
0.0	0.0	0.0	0.0	1.0	0.0	0.0	
1.0	1.0	1.0	1.0	0.0	0.0	1.0	
0.0	0.0	0.0	0.0	0.0	1.0	0.0	

MOTIF LARP4_HepG2_CUGGG
0.0	0.0	0.5	0.0	0.0	0.0	0.5	
0.5	1.0	0.0	0.0	0.0	0.0	0.0	
0.0	0.0	0.0	1.0	1.0	1.0	0.0	
0.5	0.0	0.5	0.0	0.0	0.0	0.5	

MOTIF LARP4_HepG2_AGCCC
0.0	1.0	0.0	0.0	0.0	0.0	0.0	
0.0	0.0	0.0	1.0	1.0	1.0	1.0	
0.0	0.0	1.0	0.0	0.0	0.0	0.0	
1.0	0.0	0.0	0.0	0.0	0.0	0.0	

MOTIF LARP4_HepG2_GAGGGG
0.0	1.0	0.0	0.0	0.0	0.0	0.0	
0.0	0.0	0.0	0.0	0.0	0.0	1.0	
1.0	0.0	1.0	1.0	1.0	1.0	0.0	
0.0	0.0	0.0	0.0	0.0	0.0	0.0	

MOTIF LARP4_HepG2_GACACUUC
1.0	0.0	1.0	0.0	0.0	0.0	0.0	
0.0	1.0	0.0	1.0	0.0	0.0	1.0	
0.0	0.0	0.0	0.0	0.0	0.0	0.0	
0.0	0.0	0.0	0.0	1.0	1.0	0.0	

MOTIF PPIG_HepG2_GGCGC
0.2631578947368421	0.0	0.0	0.0	0.10526315789473684	0.15789473684210525	0.10526315789473684	
0.05263157894736842	0.0	0.0	1.0	0.2631578947368421	0.5789473684210527	0.3684210526315789	
0.3157894736842105	1.0	1.0	0.0	0.631578947368421	0.15789473684210525	0.2631578947368421	
0.3684210526315789	0.0	0.0	0.0	0.0	0.10526315789473684	0.2631578947368421	

MOTIF PPIG_HepG2_CACGG
0.043478260869565216	0.0	0.8260869565217391	0.043478260869565216	0.17391304347826086	0.043478260869565216	0.34782608695652173	
0.43478260869565216	0.9565217391304348	0.17391304347826086	0.6086956521739131	0.08695652173913043	0.0	0.2608695652173913	
0.17391304347826086	0.043478260869565216	0.0	0.34782608695652173	0.7391304347826086	0.9130434782608695	0.21739130434782608	
0.34782608695652173	0.0	0.0	0.0	0.0	0.043478260869565216	0.17391304347826086	

MOTIF PPIG_HepG2_CCUGG
0.022222222222222223	0.0	0.0	0.06666666666666667	0.0	0.06666666666666667	0.3111111111111111	
0.08888888888888889	0.8222222222222222	1.0	0.0	0.0	0.28888888888888886	0.17777777777777778	
0.13333333333333333	0.1111111111111111	0.0	0.022222222222222223	0.9555555555555556	0.6222222222222222	0.3333333333333333	
0.7555555555555555	0.06666666666666667	0.0	0.9111111111111111	0.044444444444444446	0.022222222222222223	0.17777777777777778	

MOTIF PPIG_HepG2_GAAGG
0.05555555555555555	0.0	0.7222222222222222	0.7222222222222222	0.0	0.1111111111111111	0.2222222222222222	
0.05555555555555555	0.0	0.2222222222222222	0.0	0.0	0.1111111111111111	0.3888888888888889	
0.7777777777777778	1.0	0.05555555555555555	0.16666666666666666	1.0	0.6666666666666666	0.2777777777777778	
0.1111111111111111	0.0	0.0	0.1111111111111111	0.0	0.1111111111111111	0.1111111111111111	

MOTIF PPIG_HepG2_GUGGG
0.0967741935483871	0.0	0.0	0.0	0.0	0.06451612903225806	0.12903225806451613	
0.1935483870967742	0.0	0.03225806451612903	0.0	0.0	0.22580645161290322	0.3870967741935484	
0.3225806451612903	1.0	0.0967741935483871	1.0	0.9032258064516129	0.5483870967741935	0.2903225806451613	
0.3870967741935484	0.0	0.8709677419354839	0.0	0.0967741935483871	0.16129032258064516	0.1935483870967742	

MOTIF PPIG_HepG2_CUGUG
0.0	0.0	0.0	0.0	0.0	0.0	0.2222222222222222	
0.6666666666666666	1.0	0.0	0.1111111111111111	0.1111111111111111	0.0	0.5555555555555556	
0.1111111111111111	0.0	0.1111111111111111	0.7777777777777778	0.0	1.0	0.1111111111111111	
0.2222222222222222	0.0	0.8888888888888888	0.1111111111111111	0.8888888888888888	0.0	0.1111111111111111	

MOTIF PPIG_HepG2_AGGGU
1.0	0.0	0.0	0.0	0.0	0.0	0.0	
0.0	0.0	0.0	0.0	0.0	0.0	0.0	
0.0	1.0	1.0	1.0	1.0	0.0	0.0	
0.0	0.0	0.0	0.0	0.0	1.0	1.0	

MOTIF PPIG_HepG2_GAGCC
0.26666666666666666	0.06666666666666667	0.8666666666666667	0.0	0.0	0.06666666666666667	0.06666666666666667	
0.13333333333333333	0.2	0.0	0.0	0.8666666666666667	0.6	0.3333333333333333	
0.2	0.7333333333333333	0.0	1.0	0.13333333333333333	0.06666666666666667	0.4	
0.4	0.0	0.13333333333333333	0.0	0.0	0.26666666666666666	0.2	

MOTIF PPIG_HepG2_UCUCG
0.14285714285714285	0.2857142857142857	0.0	0.0	0.0	0.14285714285714285	0.0	
0.14285714285714285	0.0	1.0	0.2857142857142857	1.0	0.14285714285714285	0.2857142857142857	
0.42857142857142855	0.0	0.0	0.0	0.0	0.7142857142857143	0.42857142857142855	
0.2857142857142857	0.7142857142857143	0.0	0.7142857142857143	0.0	0.0	0.2857142857142857	

MOTIF PPIG_HepG2_GAUGC
0.14285714285714285	0.0	0.14285714285714285	0.0	0.0	0.0	0.42857142857142855	
0.0	0.0	0.8571428571428571	0.0	0.0	1.0	0.14285714285714285	
0.2857142857142857	1.0	0.0	0.0	1.0	0.0	0.0	
0.5714285714285714	0.0	0.0	1.0	0.0	0.0	0.42857142857142855	

MOTIF PPIG_HepG2_CUGCA
0.06666666666666667	0.0	0.06666666666666667	0.0	0.0	0.9333333333333333	0.0	
0.2	0.8	0.0	0.13333333333333333	1.0	0.06666666666666667	0.06666666666666667	
0.13333333333333333	0.13333333333333333	0.06666666666666667	0.8666666666666667	0.0	0.0	0.6666666666666666	
0.6	0.06666666666666667	0.8666666666666667	0.0	0.0	0.0	0.26666666666666666	

MOTIF PPIG_HepG2_UCCAG
0.09090909090909091	0.0	0.0	0.0	1.0	0.0	0.09090909090909091	
0.18181818181818182	0.2727272727272727	1.0	1.0	0.0	0.0	0.36363636363636365	
0.18181818181818182	0.36363636363636365	0.0	0.0	0.0	1.0	0.36363636363636365	
0.5454545454545454	0.36363636363636365	0.0	0.0	0.0	0.0	0.18181818181818182	

MOTIF PPIG_HepG2_UCCCC
0.043478260869565216	0.043478260869565216	0.0	0.13043478260869565	0.0	0.08695652173913043	0.2608695652173913	
0.391304347826087	0.0	1.0	0.8260869565217391	0.6956521739130435	0.8260869565217391	0.34782608695652173	
0.30434782608695654	0.08695652173913043	0.0	0.043478260869565216	0.0	0.043478260869565216	0.08695652173913043	
0.2608695652173913	0.8695652173913043	0.0	0.0	0.30434782608695654	0.043478260869565216	0.30434782608695654	

MOTIF PPIG_HepG2_CCGUC
0.0	0.0	0.0	0.3333333333333333	0.0	0.0	0.3333333333333333	
0.3333333333333333	1.0	1.0	0.0	0.3333333333333333	1.0	0.0	
0.0	0.0	0.0	0.3333333333333333	0.0	0.0	0.0	
0.6666666666666666	0.0	0.0	0.3333333333333333	0.6666666666666666	0.0	0.6666666666666666	

MOTIF PPIG_HepG2_UGCUG
0.04	0.0	0.0	0.0	0.0	0.0	0.12	
0.64	0.08	0.0	0.92	0.0	0.0	0.32	
0.12	0.04	1.0	0.08	0.04	1.0	0.44	
0.2	0.88	0.0	0.0	0.96	0.0	0.12	

MOTIF PPIG_HepG2_CAGGU
0.2857142857142857	0.0	1.0	0.0	0.0	0.21428571428571427	0.07142857142857142	
0.07142857142857142	0.8571428571428571	0.0	0.0	0.07142857142857142	0.14285714285714285	0.14285714285714285	
0.21428571428571427	0.07142857142857142	0.0	1.0	0.9285714285714286	0.07142857142857142	0.6428571428571429	
0.42857142857142855	0.07142857142857142	0.0	0.0	0.0	0.5714285714285714	0.14285714285714285	

MOTIF PPIG_HepG2_GCUCC
0.0	0.0	0.0	0.0	0.0	0.16666666666666666	0.16666666666666666	
0.0	0.16666666666666666	0.8333333333333334	0.0	1.0	0.8333333333333334	0.16666666666666666	
0.16666666666666666	0.6666666666666666	0.16666666666666666	0.0	0.0	0.0	0.0	
0.8333333333333334	0.16666666666666666	0.0	1.0	0.0	0.0	0.6666666666666666	

MOTIF PPIG_HepG2_GGGAG
0.2	0.06666666666666667	0.0	0.0	1.0	0.0	0.26666666666666666	
0.2	0.06666666666666667	0.0	0.3333333333333333	0.0	0.0	0.26666666666666666	
0.3333333333333333	0.7333333333333333	1.0	0.6666666666666666	0.0	1.0	0.3333333333333333	
0.26666666666666666	0.13333333333333333	0.0	0.0	0.0	0.0	0.13333333333333333	

MOTIF PPIG_HepG2_GGGCA
0.125	0.0	0.0	0.0	0.0	1.0	0.0	
0.125	0.0	0.0	0.5	1.0	0.0	0.375	
0.375	1.0	1.0	0.5	0.0	0.0	0.5	
0.375	0.0	0.0	0.0	0.0	0.0	0.125	

MOTIF PPIG_HepG2_CAUCG
0.16666666666666666	0.0	1.0	0.0	0.0	0.0	0.5	
0.0	1.0	0.0	0.0	1.0	0.16666666666666666	0.16666666666666666	
0.0	0.0	0.0	0.5	0.0	0.8333333333333334	0.0	
0.8333333333333334	0.0	0.0	0.5	0.0	0.0	0.3333333333333333	

MOTIF PPIG_HepG2_UGACC
0.16666666666666666	0.08333333333333333	0.0	0.75	0.0	0.0	0.16666666666666666	
0.16666666666666666	0.0	0.0	0.0	1.0	0.9166666666666666	0.08333333333333333	
0.5	0.08333333333333333	0.8333333333333334	0.08333333333333333	0.0	0.0	0.3333333333333333	
0.16666666666666666	0.8333333333333334	0.16666666666666666	0.16666666666666666	0.0	0.08333333333333333	0.4166666666666667	

MOTIF PPIG_HepG2_CCACC
0.0	0.0	0.0	1.0	0.0	0.0	0.0	
0.75	0.75	1.0	0.0	1.0	0.5	0.25	
0.0	0.0	0.0	0.0	0.0	0.0	0.5	
0.25	0.25	0.0	0.0	0.0	0.5	0.25	

MOTIF PPIG_HepG2_GAGUG
0.5	0.0	0.5	0.0	0.0	0.0	0.0	
0.0	0.0	0.5	0.0	0.0	0.0	0.5	
0.0	1.0	0.0	1.0	0.0	1.0	0.5	
0.5	0.0	0.0	0.0	1.0	0.0	0.0	

MOTIF PPIG_HepG2_GAGGA
0.0	0.0	1.0	0.0	0.0	0.8888888888888888	0.1111111111111111	
0.1111111111111111	0.0	0.0	0.0	0.0	0.1111111111111111	0.4444444444444444	
0.2222222222222222	1.0	0.0	1.0	1.0	0.0	0.3333333333333333	
0.6666666666666666	0.0	0.0	0.0	0.0	0.0	0.1111111111111111	

MOTIF PPIG_HepG2_GCGGC
0.6	0.0	0.0	0.2	0.0	0.4	0.0	
0.0	0.0	1.0	0.0	0.0	0.6	0.4	
0.2	0.8	0.0	0.8	1.0	0.0	0.2	
0.2	0.2	0.0	0.0	0.0	0.0	0.4	

MOTIF PPIG_HepG2_GUAAG
0.0	0.0	0.0	1.0	1.0	0.0	0.0	
0.0	0.0	0.0	0.0	0.0	0.0	0.3333333333333333	
1.0	1.0	0.0	0.0	0.0	0.3333333333333333	0.0	
0.0	0.0	1.0	0.0	0.0	0.6666666666666666	0.6666666666666666	

MOTIF PPIG_HepG2_CCUCA
0.16666666666666666	0.3333333333333333	0.0	0.0	0.0	0.6666666666666666	0.0	
0.5	0.5	1.0	0.0	1.0	0.16666666666666666	0.6666666666666666	
0.0	0.0	0.0	0.0	0.0	0.0	0.3333333333333333	
0.3333333333333333	0.16666666666666666	0.0	1.0	0.0	0.16666666666666666	0.0	

MOTIF PPIG_HepG2_GCCGG
0.4	0.2	0.0	0.0	0.0	0.0	0.2	
0.0	0.0	1.0	1.0	0.0	0.0	0.4	
0.6	0.8	0.0	0.0	1.0	0.8	0.2	
0.0	0.0	0.0	0.0	0.0	0.2	0.2	

MOTIF PPIG_HepG2_GGCCU
0.0	0.0	0.0	0.0	0.0	0.0	0.0	
0.0	0.0	0.0	1.0	1.0	0.0	0.5	
0.0	1.0	0.5	0.0	0.0	0.0	0.0	
1.0	0.0	0.5	0.0	0.0	1.0	0.5	

MOTIF PPIG_HepG2_CGCAG
0.0	0.2	0.0	0.0	1.0	0.0	0.4	
0.8	0.6	0.0	1.0	0.0	0.0	0.0	
0.2	0.0	1.0	0.0	0.0	1.0	0.0	
0.0	0.2	0.0	0.0	0.0	0.0	0.6	

MOTIF PPIG_HepG2_UACCU
0.0	0.0	1.0	0.0	0.0	0.0	0.0	
0.0	0.0	0.0	1.0	1.0	0.0	0.0	
0.3333333333333333	0.0	0.0	0.0	0.0	0.0	1.0	
0.6666666666666666	1.0	0.0	0.0	0.0	1.0	0.0	

MOTIF PPIG_HepG2_UGGUC
0.0	0.0	0.0	0.0	0.0	0.0	0.5	
0.5	0.0	0.0	0.0	0.0	1.0	0.5	
0.0	0.0	1.0	1.0	0.0	0.0	0.0	
0.5	1.0	0.0	0.0	1.0	0.0	0.0	

MOTIF PPIG_HepG2_CGGGG
0.25	0.0	0.0	0.0	0.0	0.0	0.5	
0.0	1.0	0.0	0.0	0.0	0.0	0.25	
0.5	0.0	1.0	1.0	1.0	1.0	0.25	
0.25	0.0	0.0	0.0	0.0	0.0	0.0	

MOTIF PPIG_HepG2_GACAC
0.0	0.0	1.0	0.0	1.0	0.0	0.0	
0.0	0.0	0.0	1.0	0.0	1.0	0.0	
1.0	1.0	0.0	0.0	0.0	0.0	0.0	
0.0	0.0	0.0	0.0	0.0	0.0	1.0	

MOTIF PPIG_HepG2_GGUGA
0.2	0.0	0.0	0.0	0.0	1.0	0.2	
0.0	0.0	0.0	0.0	0.0	0.0	0.4	
0.4	1.0	1.0	0.0	1.0	0.0	0.2	
0.4	0.0	0.0	1.0	0.0	0.0	0.2	

MOTIF PPIG_HepG2_ACGAG
0.0	1.0	0.0	0.0	1.0	0.0	0.0	
0.0	0.0	1.0	0.0	0.0	0.0	0.0	
0.0	0.0	0.0	1.0	0.0	1.0	0.0	
1.0	0.0	0.0	0.0	0.0	0.0	1.0	

MOTIF PPIG_HepG2_GGUAC
0.5	0.0	0.0	0.0	1.0	0.0	0.0	
0.0	0.0	0.0	0.0	0.0	1.0	0.0	
0.0	1.0	1.0	0.0	0.0	0.0	0.0	
0.5	0.0	0.0	1.0	0.0	0.0	1.0	

MOTIF PPIG_HepG2_CUCUUC
0.0	0.0	0.0	0.0	0.0	0.0	0.3333333333333333	
1.0	0.0	1.0	0.16666666666666666	0.3333333333333333	1.0	0.16666666666666666	
0.0	0.0	0.0	0.0	0.16666666666666666	0.0	0.16666666666666666	
0.0	1.0	0.0	0.8333333333333334	0.5	0.0	0.3333333333333333	

MOTIF RBM15_K562_CCGUG
0.16666666666666666	0.0	0.0	0.0	0.16666666666666666	0.0	0.0	
0.3333333333333333	1.0	1.0	0.0	0.5	0.0	0.3333333333333333	
0.16666666666666666	0.0	0.0	1.0	0.16666666666666666	1.0	0.5	
0.3333333333333333	0.0	0.0	0.0	0.16666666666666666	0.0	0.16666666666666666	

MOTIF RBM15_K562_AGCCC
0.5	0.5	0.0	0.0	0.0	0.0	0.5	
0.0	0.0	0.0	1.0	1.0	1.0	0.0	
0.0	0.5	1.0	0.0	0.0	0.0	0.5	
0.5	0.0	0.0	0.0	0.0	0.0	0.0	

MOTIF RBM15_K562_GGGAG
0.0	0.0	0.14285714285714285	0.0	0.7142857142857143	0.0	0.2857142857142857	
0.42857142857142855	0.14285714285714285	0.0	0.0	0.14285714285714285	0.0	0.14285714285714285	
0.2857142857142857	0.7142857142857143	0.8571428571428571	1.0	0.14285714285714285	1.0	0.2857142857142857	
0.2857142857142857	0.14285714285714285	0.0	0.0	0.0	0.0	0.2857142857142857	

MOTIF RBM15_K562_UCCCC
0.0	0.0	0.0	0.0	0.0	0.0	0.6666666666666666	
0.3333333333333333	0.0	1.0	1.0	0.6666666666666666	1.0	0.3333333333333333	
0.0	0.0	0.0	0.0	0.0	0.0	0.0	
0.6666666666666666	1.0	0.0	0.0	0.3333333333333333	0.0	0.0	

MOTIF RBM15_K562_GGGGC
0.16666666666666666	0.0	0.0	0.0	0.0	0.08333333333333333	0.16666666666666666	
0.3333333333333333	0.08333333333333333	0.3333333333333333	0.0	0.0	0.75	0.25	
0.4166666666666667	0.8333333333333334	0.6666666666666666	1.0	1.0	0.0	0.4166666666666667	
0.08333333333333333	0.08333333333333333	0.0	0.0	0.0	0.16666666666666666	0.16666666666666666	

MOTIF RBM15_K562_AAGCG
0.0	0.6666666666666666	1.0	0.0	0.0	0.0	0.0	
0.3333333333333333	0.0	0.0	0.0	1.0	0.0	0.0	
0.6666666666666666	0.3333333333333333	0.0	1.0	0.0	1.0	1.0	
0.0	0.0	0.0	0.0	0.0	0.0	0.0	

MOTIF RBM15_K562_CCGGU
0.3333333333333333	0.0	0.0	0.0	0.0	0.0	0.3333333333333333	
0.6666666666666666	1.0	1.0	0.0	0.0	0.6666666666666666	0.0	
0.0	0.0	0.0	1.0	1.0	0.0	0.3333333333333333	
0.0	0.0	0.0	0.0	0.0	0.3333333333333333	0.3333333333333333	

MOTIF RBM15_K562_CAGGG
0.0	0.0	1.0	0.0	0.0	0.0	0.0	
0.5	1.0	0.0	0.0	0.0	0.0	0.75	
0.25	0.0	0.0	1.0	1.0	1.0	0.25	
0.25	0.0	0.0	0.0	0.0	0.0	0.0	

MOTIF RBM15_K562_CCCUC
0.5	0.5	0.0	0.0	0.0	0.0	0.0	
0.5	0.5	1.0	1.0	0.0	1.0	0.5	
0.0	0.0	0.0	0.0	0.0	0.0	0.0	
0.0	0.0	0.0	0.0	1.0	0.0	0.5	

MOTIF RBM15_K562_UGGCC
0.0	0.0	0.0	0.0	0.0	0.0	0.5	
0.0	0.0	0.0	0.0	1.0	1.0	0.0	
0.5	0.0	1.0	1.0	0.0	0.0	0.0	
0.5	1.0	0.0	0.0	0.0	0.0	0.5	

MOTIF RBM15_K562_GCGCA
0.0	0.0	0.0	0.0	0.0	1.0	0.0	
1.0	0.0	1.0	0.0	1.0	0.0	1.0	
0.0	1.0	0.0	1.0	0.0	0.0	0.0	
0.0	0.0	0.0	0.0	0.0	0.0	0.0	

MOTIF RBM15_K562_GACCG
0.0	0.0	1.0	0.0	0.0	0.0	0.0	
0.0	0.0	0.0	1.0	1.0	0.0	0.0	
0.0	1.0	0.0	0.0	0.0	1.0	0.0	
1.0	0.0	0.0	0.0	0.0	0.0	1.0	

MOTIF RBM15_K562_CGCCG
0.0	0.0	0.0	0.0	0.0	0.0	0.5	
0.5	1.0	0.0	1.0	1.0	0.0	0.5	
0.0	0.0	1.0	0.0	0.0	1.0	0.0	
0.5	0.0	0.0	0.0	0.0	0.0	0.0	

MOTIF RBM15_K562_GGCAC
0.5	0.0	0.0	0.0	1.0	0.0	0.0	
0.0	0.0	0.0	0.5	0.0	1.0	0.5	
0.0	1.0	1.0	0.0	0.0	0.0	0.0	
0.5	0.0	0.0	0.5	0.0	0.0	0.5	

MOTIF RBM15_K562_GCUGG
0.5	0.0	0.0	0.0	0.0	0.0	0.0	
0.0	0.0	1.0	0.0	0.0	0.5	0.5	
0.0	1.0	0.0	0.0	1.0	0.5	0.0	
0.5	0.0	0.0	1.0	0.0	0.0	0.5	

MOTIF RBM15_K562_CUCCAG
0.0	0.5	0.0	0.0	1.0	0.0	0.0	
1.0	0.0	1.0	1.0	0.0	0.0	0.5	
0.0	0.0	0.0	0.0	0.0	1.0	0.5	
0.0	0.5	0.0	0.0	0.0	0.0	0.0	

MOTIF RPS3_HepG2_GGAGC
0.1111111111111111	0.0	0.0	0.8888888888888888	0.0	0.1111111111111111	0.1111111111111111	
0.0	0.2222222222222222	0.1111111111111111	0.0	0.0	0.7777777777777778	0.6666666666666666	
0.7777777777777778	0.7777777777777778	0.8888888888888888	0.1111111111111111	1.0	0.1111111111111111	0.1111111111111111	
0.1111111111111111	0.0	0.0	0.0	0.0	0.0	0.1111111111111111	

MOTIF RPS3_HepG2_GUACC
0.0	0.0	0.0	0.5	0.0	0.0	0.0	
0.0	0.0	0.0	0.5	1.0	0.5	0.5	
0.5	1.0	0.0	0.0	0.0	0.0	0.0	
0.5	0.0	1.0	0.0	0.0	0.5	0.5	

MOTIF RPS3_HepG2_GGCCU
0.3076923076923077	0.0	0.0	0.0	0.0	0.15384615384615385	0.11538461538461539	
0.19230769230769232	0.038461538461538464	0.0	0.9615384615384616	0.9615384615384616	0.34615384615384615	0.4230769230769231	
0.2692307692307692	0.9230769230769231	1.0	0.038461538461538464	0.038461538461538464	0.11538461538461539	0.4230769230769231	
0.23076923076923078	0.038461538461538464	0.0	0.0	0.0	0.38461538461538464	0.038461538461538464	

MOTIF RPS3_HepG2_CUGGG
0.13333333333333333	0.06666666666666667	0.0	0.0	0.0	0.2	0.2	
0.26666666666666666	0.8666666666666667	0.0	0.0	0.0	0.13333333333333333	0.2	
0.6	0.06666666666666667	0.0	1.0	1.0	0.5333333333333333	0.5333333333333333	
0.0	0.0	1.0	0.0	0.0	0.13333333333333333	0.06666666666666667	

MOTIF RPS3_HepG2_CCGCC
0.21428571428571427	0.0	0.0	0.0	0.0	0.0	0.07142857142857142	
0.2857142857142857	0.9285714285714286	0.6428571428571429	0.0	1.0	0.7857142857142857	0.2857142857142857	
0.42857142857142855	0.07142857142857142	0.0	0.9285714285714286	0.0	0.14285714285714285	0.5	
0.07142857142857142	0.0	0.35714285714285715	0.07142857142857142	0.0	0.07142857142857142	0.14285714285714285	

MOTIF RPS3_HepG2_GCGGC
0.15384615384615385	0.07692307692307693	0.0	0.0	0.0	0.0	0.07692307692307693	
0.07692307692307693	0.0	1.0	0.0	0.0	0.7692307692307693	0.3076923076923077	
0.46153846153846156	0.9230769230769231	0.0	0.6923076923076923	1.0	0.15384615384615385	0.3076923076923077	
0.3076923076923077	0.0	0.0	0.3076923076923077	0.0	0.07692307692307693	0.3076923076923077	

MOTIF RPS3_HepG2_CCGAG
0.0	0.0	0.0	0.0	1.0	0.3333333333333333	0.3333333333333333	
0.6666666666666666	1.0	1.0	0.0	0.0	0.6666666666666666	0.3333333333333333	
0.3333333333333333	0.0	0.0	1.0	0.0	0.0	0.3333333333333333	
0.0	0.0	0.0	0.0	0.0	0.0	0.0	

MOTIF RPS3_HepG2_GGUCA
0.0	0.0	0.0	0.0	0.0	0.25	0.0	
0.25	0.0	0.0	0.0	1.0	0.5	1.0	
0.75	1.0	1.0	0.0	0.0	0.25	0.0	
0.0	0.0	0.0	1.0	0.0	0.0	0.0	

MOTIF RPS3_HepG2_GCCAC
0.5	0.25	0.0	0.0	0.75	0.0	0.0	
0.0	0.0	1.0	1.0	0.25	1.0	0.5	
0.5	0.75	0.0	0.0	0.0	0.0	0.25	
0.0	0.0	0.0	0.0	0.0	0.0	0.25	

MOTIF RPS3_HepG2_CGCGC
0.0	0.0	0.0	0.0	0.0	0.0	0.0	
1.0	0.0	0.0	1.0	0.0	1.0	0.0	
0.0	1.0	1.0	0.0	1.0	0.0	0.0	
0.0	0.0	0.0	0.0	0.0	0.0	1.0	

MOTIF RPS3_HepG2_GCUGU
0.0	0.0	0.0	0.0	0.0	0.3	0.4	
0.1	0.0	1.0	0.0	0.1	0.4	0.2	
0.7	1.0	0.0	0.0	0.9	0.2	0.3	
0.2	0.0	0.0	1.0	0.0	0.1	0.1	

MOTIF RPS3_HepG2_AGGGG
0.0	1.0	0.0	0.0	0.0	0.0	0.0	
0.0	0.0	0.0	0.0	0.0	0.0	1.0	
1.0	0.0	1.0	1.0	1.0	1.0	0.0	
0.0	0.0	0.0	0.0	0.0	0.0	0.0	

MOTIF RPS3_HepG2_CGACU
1.0	0.0	0.0	1.0	0.0	0.0	0.0	
0.0	1.0	0.0	0.0	1.0	1.0	1.0	
0.0	0.0	1.0	0.0	0.0	0.0	0.0	
0.0	0.0	0.0	0.0	0.0	0.0	0.0	

MOTIF RPS3_HepG2_GUCCG
0.25	0.0	0.25	0.0	0.0	0.0	0.25	
0.5	0.25	0.0	1.0	1.0	0.0	0.25	
0.25	0.75	0.0	0.0	0.0	1.0	0.5	
0.0	0.0	0.75	0.0	0.0	0.0	0.0	

MOTIF RPS3_HepG2_AGCAG
0.0	0.875	0.0	0.0	0.875	0.125	0.25	
0.375	0.0	0.125	1.0	0.125	0.0	0.625	
0.5	0.125	0.875	0.0	0.0	0.875	0.0	
0.125	0.0	0.0	0.0	0.0	0.0	0.125	

MOTIF RPS3_HepG2_ACCCA
0.0	1.0	0.0	0.0	0.0	0.0	0.0	
0.6666666666666666	0.0	1.0	1.0	1.0	0.6666666666666666	0.3333333333333333	
0.3333333333333333	0.0	0.0	0.0	0.0	0.3333333333333333	0.3333333333333333	
0.0	0.0	0.0	0.0	0.0	0.0	0.3333333333333333	

MOTIF RPS3_HepG2_GCUCC
0.0	0.0	0.0	0.0	0.0	0.0	0.0	
0.0	0.0	1.0	0.0	1.0	0.5	0.0	
1.0	1.0	0.0	0.0	0.0	0.5	1.0	
0.0	0.0	0.0	1.0	0.0	0.0	0.0	

MOTIF RPS3_HepG2_GACGG
0.0	0.0	1.0	0.0	0.0	0.0	0.0	
1.0	0.0	0.0	1.0	0.0	0.0	1.0	
0.0	1.0	0.0	0.0	1.0	1.0	0.0	
0.0	0.0	0.0	0.0	0.0	0.0	0.0	

MOTIF RPS3_HepG2_CACCG
0.3333333333333333	0.0	0.6666666666666666	0.0	0.0	0.3333333333333333	0.3333333333333333	
0.3333333333333333	1.0	0.3333333333333333	1.0	1.0	0.0	0.3333333333333333	
0.0	0.0	0.0	0.0	0.0	0.6666666666666666	0.3333333333333333	
0.3333333333333333	0.0	0.0	0.0	0.0	0.0	0.0	

MOTIF RPS3_HepG2_GGUGG
0.25	0.0	0.0	0.0	0.0	0.25	0.0	
0.0	0.0	0.0	0.0	0.0	0.0	0.5	
0.5	1.0	1.0	0.0	1.0	0.75	0.5	
0.25	0.0	0.0	1.0	0.0	0.0	0.0	

MOTIF RPS3_HepG2_GGGCG
0.0	0.0	0.0	0.0	0.0	0.0	0.0	
0.0	0.0	0.0	0.0	1.0	0.0	1.0	
1.0	1.0	1.0	1.0	0.0	1.0	0.0	
0.0	0.0	0.0	0.0	0.0	0.0	0.0	

MOTIF RPS3_HepG2_CGAAC
1.0	0.0	0.0	1.0	1.0	0.0	0.0	
0.0	1.0	0.0	0.0	0.0	1.0	0.5	
0.0	0.0	1.0	0.0	0.0	0.0	0.0	
0.0	0.0	0.0	0.0	0.0	0.0	0.5	

MOTIF RPS3_HepG2_CCCUG
0.0	0.0	0.0	0.0	0.0	0.0	0.0	
0.5	1.0	1.0	1.0	0.0	0.5	1.0	
0.5	0.0	0.0	0.0	0.0	0.5	0.0	
0.0	0.0	0.0	0.0	1.0	0.0	0.0	

MOTIF RPS3_HepG2_UGCCC
0.0	0.2	0.0	0.0	0.0	0.0	0.2	
0.4	0.0	0.2	1.0	1.0	1.0	0.6	
0.6	0.0	0.8	0.0	0.0	0.0	0.0	
0.0	0.8	0.0	0.0	0.0	0.0	0.2	

MOTIF RPS3_HepG2_CUCAC
0.5	0.0	0.0	0.0	1.0	0.0	0.0	
0.0	1.0	0.0	1.0	0.0	1.0	1.0	
0.5	0.0	0.0	0.0	0.0	0.0	0.0	
0.0	0.0	1.0	0.0	0.0	0.0	0.0	

MOTIF RPS3_HepG2_CCAGC
0.2	0.0	0.0	1.0	0.0	0.0	0.2	
0.4	1.0	1.0	0.0	0.0	1.0	0.4	
0.4	0.0	0.0	0.0	1.0	0.0	0.4	
0.0	0.0	0.0	0.0	0.0	0.0	0.0	

MOTIF RPS3_HepG2_AACGC
0.0	1.0	1.0	0.0	0.0	0.0	1.0	
0.0	0.0	0.0	1.0	0.0	1.0	0.0	
1.0	0.0	0.0	0.0	1.0	0.0	0.0	
0.0	0.0	0.0	0.0	0.0	0.0	0.0	

MOTIF SND1_HepG2_ACCAG
0.14285714285714285	0.2857142857142857	0.0	0.0	1.0	0.0	0.0	
0.0	0.14285714285714285	1.0	1.0	0.0	0.14285714285714285	0.5714285714285714	
0.14285714285714285	0.0	0.0	0.0	0.0	0.8571428571428571	0.2857142857142857	
0.7142857142857143	0.5714285714285714	0.0	0.0	0.0	0.0	0.14285714285714285	

MOTIF SND1_HepG2_UGGUG
0.0	0.2	0.0	0.0	0.0	0.0	0.2	
0.6	0.0	0.0	0.6	0.0	0.0	0.2	
0.2	0.0	1.0	0.4	0.0	1.0	0.4	
0.2	0.8	0.0	0.0	1.0	0.0	0.2	

MOTIF SND1_HepG2_GCUGC
0.3333333333333333	0.0	0.0	0.0	0.0	0.0	0.0	
0.0	0.6666666666666666	1.0	0.0	0.0	1.0	0.6666666666666666	
0.0	0.3333333333333333	0.0	0.0	1.0	0.0	0.0	
0.6666666666666666	0.0	0.0	1.0	0.0	0.0	0.3333333333333333	

MOTIF SND1_HepG2_CCCCA
0.0	0.0	0.0	0.0	0.0	1.0	0.0	
0.0	1.0	1.0	0.5	1.0	0.0	0.0	
0.0	0.0	0.0	0.0	0.0	0.0	0.0	
1.0	0.0	0.0	0.5	0.0	0.0	1.0	

MOTIF SND1_HepG2_UUACC
1.0	0.0	0.0	1.0	0.0	0.0	0.0	
0.0	0.0	0.0	0.0	1.0	1.0	0.0	
0.0	0.0	0.0	0.0	0.0	0.0	0.0	
0.0	1.0	1.0	0.0	0.0	0.0	1.0	

MOTIF SND1_HepG2_GUGGG
0.0	0.0	0.0	0.0	0.0	0.0	0.0	
0.0	0.0	0.0	0.0	0.0	0.0	1.0	
0.0	1.0	0.0	1.0	1.0	1.0	0.0	
1.0	0.0	1.0	0.0	0.0	0.0	0.0	

MOTIF SND1_HepG2_CAGGU
0.25	0.0	1.0	0.0	0.0	0.25	0.0	
0.25	1.0	0.0	0.25	0.0	0.0	0.5	
0.25	0.0	0.0	0.75	1.0	0.0	0.0	
0.25	0.0	0.0	0.0	0.0	0.75	0.5	

MOTIF SND1_HepG2_GGCGG
0.0	0.0	0.0	0.0	0.0	0.0	1.0	
0.0	0.0	0.0	1.0	0.0	0.0	0.0	
1.0	1.0	1.0	0.0	1.0	1.0	0.0	
0.0	0.0	0.0	0.0	0.0	0.0	0.0	

MOTIF SND1_HepG2_GUCCA
0.5	0.0	0.0	0.0	0.0	0.5	0.0	
0.0	0.0	0.0	1.0	1.0	0.0	0.0	
0.5	1.0	0.0	0.0	0.0	0.0	1.0	
0.0	0.0	1.0	0.0	0.0	0.5	0.0	

MOTIF SND1_HepG2_ACGGU
0.0	1.0	0.0	0.0	0.0	0.0	1.0	
1.0	0.0	1.0	0.0	0.0	0.0	0.0	
0.0	0.0	0.0	1.0	1.0	0.0	0.0	
0.0	0.0	0.0	0.0	0.0	1.0	0.0	

MOTIF SND1_HepG2_CCUGG
0.0	0.0	0.0	0.0	0.0	0.0	0.0	
0.0	1.0	1.0	0.0	0.0	0.0	0.0	
0.0	0.0	0.0	0.0	1.0	1.0	0.0	
1.0	0.0	0.0	1.0	0.0	0.0	1.0	

MOTIF SND1_HepG2_GGUCAU
0.0	0.0	0.0	0.0	0.6666666666666666	0.0	0.0	
0.0	0.0	0.0	1.0	0.3333333333333333	0.0	0.6666666666666666	
1.0	1.0	0.0	0.0	0.0	0.0	0.3333333333333333	
0.0	0.0	1.0	0.0	0.0	1.0	0.0	

MOTIF SND1_HepG2_GGAGAC
0.0	0.0	1.0	0.0	1.0	0.0	0.0	
0.0	0.0	0.0	0.0	0.0	1.0	0.0	
1.0	1.0	0.0	1.0	0.0	0.0	1.0	
0.0	0.0	0.0	0.0	0.0	0.0	0.0	

MOTIF UPF1_HepG2_GGGUG
0.21621621621621623	0.08108108108108109	0.02702702702702703	0.0	0.13513513513513514	0.0	0.13513513513513514	
0.08108108108108109	0.0	0.0	0.02702702702702703	0.02702702702702703	0.02702702702702703	0.1891891891891892	
0.2972972972972973	0.8918918918918919	0.972972972972973	0.972972972972973	0.1891891891891892	0.918918918918919	0.35135135135135137	
0.40540540540540543	0.02702702702702703	0.0	0.0	0.6486486486486487	0.05405405405405406	0.32432432432432434	

MOTIF UPF1_HepG2_CUCCU
0.10526315789473684	0.10526315789473684	0.10526315789473684	0.0	0.0	0.0	0.10526315789473684	
0.47368421052631576	0.7894736842105263	0.0	1.0	1.0	0.10526315789473684	0.21052631578947367	
0.21052631578947367	0.05263157894736842	0.0	0.0	0.0	0.0	0.5789473684210527	
0.21052631578947367	0.05263157894736842	0.8947368421052632	0.0	0.0	0.8947368421052632	0.10526315789473684	

MOTIF UPF1_HepG2_UGGGA
0.14285714285714285	0.047619047619047616	0.0	0.0	0.0	0.38095238095238093	0.38095238095238093	
0.42857142857142855	0.0	0.0	0.0	0.0	0.38095238095238093	0.19047619047619047	
0.23809523809523808	0.047619047619047616	1.0	1.0	1.0	0.23809523809523808	0.19047619047619047	
0.19047619047619047	0.9047619047619048	0.0	0.0	0.0	0.0	0.23809523809523808	

MOTIF UPF1_HepG2_GGAGG
0.23809523809523808	0.047619047619047616	0.047619047619047616	1.0	0.047619047619047616	0.2857142857142857	0.09523809523809523	
0.047619047619047616	0.0	0.0	0.0	0.0	0.0	0.38095238095238093	
0.5238095238095238	0.9047619047619048	0.9523809523809523	0.0	0.9523809523809523	0.6666666666666666	0.3333333333333333	
0.19047619047619047	0.047619047619047616	0.0	0.0	0.0	0.047619047619047616	0.19047619047619047	

MOTIF UPF1_HepG2_GCUGG
0.3333333333333333	0.1111111111111111	0.0	0.0	0.0	0.0	0.4444444444444444	
0.2222222222222222	0.1111111111111111	1.0	0.0	0.0	0.1111111111111111	0.1111111111111111	
0.3333333333333333	0.7777777777777778	0.0	0.0	1.0	0.8888888888888888	0.3333333333333333	
0.1111111111111111	0.0	0.0	1.0	0.0	0.0	0.1111111111111111	

MOTIF UPF1_HepG2_CCUGA
0.18181818181818182	0.0	0.0	0.18181818181818182	0.0	0.5454545454545454	0.18181818181818182	
0.6363636363636364	0.9090909090909091	1.0	0.0	0.2727272727272727	0.0	0.2727272727272727	
0.09090909090909091	0.0	0.0	0.0	0.7272727272727273	0.18181818181818182	0.45454545454545453	
0.09090909090909091	0.09090909090909091	0.0	0.8181818181818182	0.0	0.2727272727272727	0.09090909090909091	

MOTIF UPF1_HepG2_GGCCA
0.3181818181818182	0.09090909090909091	0.0	0.0	0.0	0.6363636363636364	0.18181818181818182	
0.09090909090909091	0.0	0.09090909090909091	0.8181818181818182	1.0	0.18181818181818182	0.22727272727272727	
0.09090909090909091	0.9090909090909091	0.9090909090909091	0.18181818181818182	0.0	0.09090909090909091	0.5	
0.5	0.0	0.0	0.0	0.0	0.09090909090909091	0.09090909090909091	

MOTIF UPF1_HepG2_GCACC
0.0	0.0	0.0	1.0	0.0	0.1	0.2	
0.7	0.6	1.0	0.0	1.0	0.8	0.5	
0.3	0.3	0.0	0.0	0.0	0.0	0.3	
0.0	0.1	0.0	0.0	0.0	0.1	0.0	

MOTIF UPF1_HepG2_CUCUG
0.07692307692307693	0.0	0.07692307692307693	0.0	0.0	0.0	0.07692307692307693	
0.6153846153846154	1.0	0.0	0.9230769230769231	0.0	0.0	0.15384615384615385	
0.0	0.0	0.0	0.07692307692307693	0.0	1.0	0.6923076923076923	
0.3076923076923077	0.0	0.9230769230769231	0.0	1.0	0.0	0.07692307692307693	

MOTIF UPF1_HepG2_ACCCA
0.0	0.5	0.0	0.25	0.0	0.75	0.0	
0.5	0.0	1.0	0.75	1.0	0.0	0.5	
0.0	0.5	0.0	0.0	0.0	0.0	0.5	
0.5	0.0	0.0	0.0	0.0	0.25	0.0	

MOTIF UPF1_HepG2_CCAGG
0.17391304347826086	0.13043478260869565	0.08695652173913043	1.0	0.043478260869565216	0.0	0.043478260869565216	
0.30434782608695654	0.8695652173913043	0.8260869565217391	0.0	0.0	0.043478260869565216	0.391304347826087	
0.17391304347826086	0.0	0.0	0.0	0.9565217391304348	0.9565217391304348	0.21739130434782608	
0.34782608695652173	0.0	0.08695652173913043	0.0	0.0	0.0	0.34782608695652173	

MOTIF UPF1_HepG2_UCCCC
0.0	0.0	0.0	0.0	0.0	0.0	0.3333333333333333	
0.3333333333333333	0.0	0.6666666666666666	1.0	1.0	0.6666666666666666	0.0	
0.0	0.0	0.3333333333333333	0.0	0.0	0.0	0.6666666666666666	
0.6666666666666666	1.0	0.0	0.0	0.0	0.3333333333333333	0.0	

MOTIF UPF1_HepG2_UGCCU
0.25	0.5	0.0	0.0	0.0	0.0	0.25	
0.25	0.0	0.0	0.75	1.0	0.0	0.0	
0.25	0.0	1.0	0.0	0.0	0.0	0.75	
0.25	0.5	0.0	0.25	0.0	1.0	0.0	

MOTIF UPF1_HepG2_GGGCU
0.25	0.0	0.0	0.0	0.0	0.0	0.125	
0.0	0.0	0.0	0.0	1.0	0.0	0.375	
0.375	0.875	1.0	1.0	0.0	0.125	0.25	
0.375	0.125	0.0	0.0	0.0	0.875	0.25	

MOTIF UPF1_HepG2_CCACA
0.0	0.0	0.0	1.0	0.0	1.0	0.0	
0.2	0.8	1.0	0.0	1.0	0.0	0.2	
0.6	0.0	0.0	0.0	0.0	0.0	0.8	
0.2	0.2	0.0	0.0	0.0	0.0	0.0	

MOTIF UPF1_HepG2_GGCAG
0.3333333333333333	0.0	0.3333333333333333	0.0	1.0	0.0	0.3333333333333333	
0.0	0.0	0.0	1.0	0.0	0.0	0.0	
0.0	0.6666666666666666	0.6666666666666666	0.0	0.0	1.0	0.3333333333333333	
0.6666666666666666	0.3333333333333333	0.0	0.0	0.0	0.0	0.3333333333333333	

MOTIF UPF1_HepG2_CAGAG
0.0	0.0	1.0	0.0	1.0	0.0	0.0	
0.75	1.0	0.0	0.0	0.0	0.0	0.75	
0.0	0.0	0.0	1.0	0.0	1.0	0.25	
0.25	0.0	0.0	0.0	0.0	0.0	0.0	

MOTIF UPF1_HepG2_GUGAG
0.0	0.0	0.0	0.0	1.0	0.0	0.0	
0.16666666666666666	0.16666666666666666	0.0	0.0	0.0	0.0	0.5	
0.6666666666666666	0.6666666666666666	0.0	1.0	0.0	1.0	0.3333333333333333	
0.16666666666666666	0.16666666666666666	1.0	0.0	0.0	0.0	0.16666666666666666	

MOTIF UPF1_HepG2_UAGGG
1.0	1.0	1.0	0.0	0.0	0.0	1.0	
0.0	0.0	0.0	0.0	0.0	0.0	0.0	
0.0	0.0	0.0	1.0	1.0	1.0	0.0	
0.0	0.0	0.0	0.0	0.0	0.0	0.0	

MOTIF UPF1_HepG2_GCCCU
1.0	0.0	0.0	0.0	0.0	0.0	0.0	
0.0	0.0	1.0	1.0	1.0	0.0	1.0	
0.0	1.0	0.0	0.0	0.0	0.0	0.0	
0.0	0.0	0.0	0.0	0.0	1.0	0.0	

MOTIF UPF1_HepG2_UGUCC
0.3333333333333333	0.0	0.0	0.0	0.0	0.0	0.0	
0.3333333333333333	0.0	0.0	0.0	1.0	1.0	0.3333333333333333	
0.0	0.3333333333333333	1.0	0.0	0.0	0.0	0.0	
0.3333333333333333	0.6666666666666666	0.0	1.0	0.0	0.0	0.6666666666666666	

MOTIF UPF1_HepG2_AGUGG
0.0	0.5	0.0	0.0	0.0	0.0	0.0	
1.0	0.0	0.0	0.0	0.0	0.0	0.5	
0.0	0.0	1.0	0.0	1.0	1.0	0.5	
0.0	0.5	0.0	1.0	0.0	0.0	0.0	

MOTIF UPF1_HepG2_AGGAC
1.0	1.0	0.0	0.0	1.0	0.0	1.0	
0.0	0.0	0.0	0.0	0.0	1.0	0.0	
0.0	0.0	1.0	1.0	0.0	0.0	0.0	
0.0	0.0	0.0	0.0	0.0	0.0	0.0	

MOTIF UPF1_HepG2_CUGUAAU
0.0	0.0	0.0	0.0	1.0	0.5	0.0	
1.0	0.0	0.0	0.0	0.0	0.0	0.0	
0.0	0.0	1.0	0.5	0.0	0.5	0.0	
0.0	1.0	0.0	0.5	0.0	0.0	1.0	

MOTIF UPF1_HepG2_UUUUUUUG
0.0	0.0	0.0	0.0	0.0	0.0	0.0	
0.0	0.0	0.0	0.0	0.0	0.0	0.0	
0.0	0.0	0.0	0.0	0.0	0.0	1.0	
1.0	1.0	1.0	1.0	1.0	1.0	0.0	

