5.424213409423828125e-01 1.771671622991561890e-01 2.284322828054428101e-01 1.059516370296478271e-01 6.030144095420837402e-01 8.390817046165466309e-01 5.783532857894897461e-01 1.237908527255058289e-01 2.055343240499496460e-01 9.751207381486892700e-02 1.159804239869117737e-01 1.176061928272247314e-01
2.963440716266632080e-01 5.227300524711608887e-01 7.527593374252319336e-01 5.464186072349548340e-01 3.707889020442962646e-01 9.506443887948989868e-02 2.825313508510589600e-01 2.261039167642593384e-01 2.850777208805084229e-01 2.262921184301376343e-01 3.444215953350067139e-01 4.141344130039215088e-01
2.576389610767364502e-01 2.138539403676986694e-01 2.545098364353179932e-01 1.839462816715240479e-01 1.276093423366546631e-01 2.235969007015228271e-01 3.145115077495574951e-01 3.556040823459625244e-01 3.958286345005035400e-01 2.873208522796630859e-01 2.990958690643310547e-01 3.291089236736297607e-01
9.638205170631408691e-02 1.686588227748870850e-01 3.089205920696258545e-01 1.548477858304977417e-01 1.848029196262359619e-01 1.770032048225402832e-01 1.795938313007354736e-01 2.429210841655731201e-01 1.622240990400314331e-01 1.181487962603569031e-01 2.345992922782897949e-01 4.025708138942718506e-01
8.636336326599121094e-01 6.206368207931518555e-01 4.156840741634368896e-01 1.520421802997589111e-01 1.585594713687896729e-01 2.299871444702148438e-01 1.248423829674720764e-01 9.749095886945724487e-02 1.101794168353080750e-01 1.478932648897171021e-01 2.036524713039398193e-01 1.631828844547271729e-01
1.502487063407897949e-01 2.181808352470397949e-01 1.601193696260452271e-01 1.570967733860015869e-01 6.424505710601806641e-01 2.642759382724761963e-01 1.241621896624565125e-01 1.787104159593582153e-01 2.130541205406188965e-01 2.325140386819839478e-01 3.282802999019622803e-01 8.604167103767395020e-01
2.466315180063247681e-01 1.841087937355041504e-01 2.247141748666763306e-01 3.585720360279083252e-01 1.798788458108901978e-01 2.872126698493957520e-01 1.617081314325332642e-01 2.976857423782348633e-01 2.458748668432235718e-01 1.061308383941650391e-01 3.123962581157684326e-01 2.920317351818084717e-01
1.528260856866836548e-01 4.515551626682281494e-01 3.888808786869049072e-01 2.674857974052429199e-01 9.999982118606567383e-01 2.905474007129669189e-01 9.999989271163940430e-01 2.850188612937927246e-01 2.563434243202209473e-01 2.395571172237396240e-01 2.415165752172470093e-01 2.621627449989318848e-01
9.999997615814208984e-01 3.773945271968841553e-01 1.828679889440536499e-01 9.999995231628417969e-01 1.000000000000000000e+00 9.999994039535522461e-01 9.999997615814208984e-01 9.999861717224121094e-01 2.668007314205169678e-01 1.000000000000000000e+00 9.999998807907104492e-01 9.999998807907104492e-01
5.792496800422668457e-01 4.962035119533538818e-01 8.123489022254943848e-01 2.019489705562591553e-01 9.999935626983642578e-01 3.838933110237121582e-01 9.999932050704956055e-01 9.930279850959777832e-01 9.999473094940185547e-01 2.684151530265808105e-01 2.172700762748718262e-01 9.999905824661254883e-01
9.145899415016174316e-01 9.999883174896240234e-01 9.253067374229431152e-01 9.999754428863525391e-01 9.998247027397155762e-01 9.999709129333496094e-01 9.999887943267822266e-01 1.884452998638153076e-01 1.143317073583602905e-01 9.999792575836181641e-01 9.999063014984130859e-01 3.055389225482940674e-01
9.990285634994506836e-01 9.995377063751220703e-01 9.999930858612060547e-01 9.999941587448120117e-01 9.999002218246459961e-01 9.999896287918090820e-01 9.999388456344604492e-01 9.999536275863647461e-01 9.997773766517639160e-01 9.514132887125015259e-02 9.555318355560302734e-01 9.999573230743408203e-01
