MEME version 5.5.0

ALPHABET= ACGU

strands: + -

Background letter frequencies (from uniform background):
A 0.25 C 0.25 G 0.25 U 0.25

MOTIF AKAP1_HepG2_CACAC
letter-probability matrix: alength= 4 w= 7
0.0 0.6 0.2 0.2 
0.0 1.0 0.0 0.0 
1.0 0.0 0.0 0.0 
0.0 1.0 0.0 0.0 
0.6 0.4 0.0 0.0 
0.0 0.8 0.2 0.0 
0.0 1.0 0.0 0.0 

MOTIF AKAP1_HepG2_CUCCC
letter-probability matrix: alength= 4 w= 7
0.1111111111111111 0.37037037037037035 0.2222222222222222 0.2962962962962963 
0.0 0.7777777777777778 0.1111111111111111 0.1111111111111111 
0.0 0.07407407407407407 0.0 0.9259259259259259 
0.0 0.8518518518518519 0.1111111111111111 0.037037037037037035 
0.0 0.9629629629629629 0.0 0.037037037037037035 
0.037037037037037035 0.8148148148148148 0.037037037037037035 0.1111111111111111 
0.07407407407407407 0.48148148148148145 0.1111111111111111 0.3333333333333333 

MOTIF AKAP1_HepG2_GUGGG
letter-probability matrix: alength= 4 w= 7
0.09523809523809523 0.19047619047619047 0.19047619047619047 0.5238095238095238 
0.0 0.3333333333333333 0.6666666666666666 0.0 
0.14285714285714285 0.0 0.047619047619047616 0.8095238095238095 
0.0 0.0 1.0 0.0 
0.0 0.0 0.8571428571428571 0.14285714285714285 
0.0 0.0 0.9047619047619048 0.09523809523809523 
0.047619047619047616 0.2857142857142857 0.38095238095238093 0.2857142857142857 

MOTIF AKAP1_HepG2_GGCAG
letter-probability matrix: alength= 4 w= 7
0.25 0.0 0.5833333333333334 0.16666666666666666 
0.08333333333333333 0.0 0.9166666666666666 0.0 
0.0 0.0 1.0 0.0 
0.08333333333333333 0.6666666666666666 0.25 0.0 
0.9166666666666666 0.0 0.0 0.08333333333333333 
0.08333333333333333 0.16666666666666666 0.75 0.0 
0.08333333333333333 0.25 0.5 0.16666666666666666 

MOTIF AKAP1_HepG2_AGGGC
letter-probability matrix: alength= 4 w= 7
0.0 0.375 0.375 0.25 
0.75 0.0 0.125 0.125 
0.0 0.0 1.0 0.0 
0.0 0.0 0.75 0.25 
0.0 0.25 0.75 0.0 
0.0 1.0 0.0 0.0 
0.25 0.5 0.0 0.25 

MOTIF AKAP1_HepG2_GCCUG
letter-probability matrix: alength= 4 w= 7
0.25 0.0 0.4166666666666667 0.3333333333333333 
0.0 0.25 0.5833333333333334 0.16666666666666666 
0.0 1.0 0.0 0.0 
0.0 1.0 0.0 0.0 
0.0 0.0 0.0 1.0 
0.0 0.08333333333333333 0.75 0.16666666666666666 
0.08333333333333333 0.25 0.16666666666666666 0.5 

MOTIF AKAP1_HepG2_AGCCC
letter-probability matrix: alength= 4 w= 7
0.125 0.5 0.375 0.0 
0.875 0.0 0.125 0.0 
0.0 0.125 0.875 0.0 
0.0 1.0 0.0 0.0 
0.0 0.875 0.0 0.125 
0.125 0.875 0.0 0.0 
0.0 0.625 0.0 0.375 

MOTIF AKAP1_HepG2_ACCCU
letter-probability matrix: alength= 4 w= 7
0.25 0.25 0.5 0.0 
0.5 0.25 0.25 0.0 
0.0 1.0 0.0 0.0 
0.0 1.0 0.0 0.0 
0.0 1.0 0.0 0.0 
0.0 0.25 0.0 0.75 
0.5 0.5 0.0 0.0 

MOTIF AKAP1_HepG2_CCUUC
letter-probability matrix: alength= 4 w= 7
0.0 0.0 0.6666666666666666 0.3333333333333333 
0.0 1.0 0.0 0.0 
0.0 0.6666666666666666 0.0 0.3333333333333333 
0.0 0.0 0.0 1.0 
0.0 0.0 0.0 1.0 
0.0 0.6666666666666666 0.3333333333333333 0.0 
0.0 0.6666666666666666 0.0 0.3333333333333333 

MOTIF AKAP1_HepG2_AGAGG
letter-probability matrix: alength= 4 w= 7
0.0 1.0 0.0 0.0 
0.5 0.0 0.0 0.5 
0.0 0.0 1.0 0.0 
1.0 0.0 0.0 0.0 
0.0 0.0 1.0 0.0 
0.0 0.0 1.0 0.0 
0.0 0.5 0.5 0.0 

MOTIF AKAP1_HepG2_CUCAG
letter-probability matrix: alength= 4 w= 7
0.0 0.5555555555555556 0.1111111111111111 0.3333333333333333 
0.0 1.0 0.0 0.0 
0.0 0.1111111111111111 0.0 0.8888888888888888 
0.0 0.8888888888888888 0.1111111111111111 0.0 
0.5555555555555556 0.0 0.0 0.4444444444444444 
0.0 0.0 1.0 0.0 
0.2222222222222222 0.4444444444444444 0.3333333333333333 0.0 

MOTIF AKAP1_HepG2_GGUCC
letter-probability matrix: alength= 4 w= 7
0.0 0.3333333333333333 0.0 0.6666666666666666 
0.0 0.0 0.6666666666666666 0.3333333333333333 
0.3333333333333333 0.0 0.6666666666666666 0.0 
0.0 0.0 0.0 1.0 
0.0 1.0 0.0 0.0 
0.0 1.0 0.0 0.0 
0.0 0.6666666666666666 0.3333333333333333 0.0 

MOTIF AKAP1_HepG2_GGCCA
letter-probability matrix: alength= 4 w= 7
0.25 0.0 0.5 0.25 
0.0 0.0 1.0 0.0 
0.0 0.0 1.0 0.0 
0.25 0.75 0.0 0.0 
0.0 1.0 0.0 0.0 
0.75 0.0 0.25 0.0 
0.0 0.25 0.25 0.5 

MOTIF AKAP1_HepG2_CCCCA
letter-probability matrix: alength= 4 w= 7
0.0 0.0 0.0 1.0 
0.0 1.0 0.0 0.0 
0.0 1.0 0.0 0.0 
0.0 1.0 0.0 0.0 
0.0 1.0 0.0 0.0 
1.0 0.0 0.0 0.0 
0.0 0.0 0.0 1.0 

MOTIF AKAP1_HepG2_GGGUG
letter-probability matrix: alength= 4 w= 7
0.0 0.0 0.6666666666666666 0.3333333333333333 
0.0 0.0 1.0 0.0 
0.0 0.0 1.0 0.0 
0.3333333333333333 0.0 0.6666666666666666 0.0 
0.0 0.0 0.0 1.0 
0.0 0.0 1.0 0.0 
0.3333333333333333 0.3333333333333333 0.3333333333333333 0.0 

MOTIF AKAP1_HepG2_GCUGG
letter-probability matrix: alength= 4 w= 7
0.0 0.0 0.3333333333333333 0.6666666666666666 
0.0 0.3333333333333333 0.6666666666666666 0.0 
0.0 1.0 0.0 0.0 
0.0 0.0 0.0 1.0 
0.0 0.0 1.0 0.0 
0.0 0.0 1.0 0.0 
0.0 0.3333333333333333 0.6666666666666666 0.0 

MOTIF AKAP1_HepG2_CUAGG
letter-probability matrix: alength= 4 w= 7
0.0 1.0 0.0 0.0 
0.0 1.0 0.0 0.0 
0.5 0.0 0.0 0.5 
1.0 0.0 0.0 0.0 
0.0 0.0 1.0 0.0 
0.0 0.0 1.0 0.0 
0.5 0.0 0.0 0.5 

MOTIF AKAP1_HepG2_CUGUG
letter-probability matrix: alength= 4 w= 7
0.25 0.25 0.25 0.25 
0.0 1.0 0.0 0.0 
0.0 0.0 0.0 1.0 
0.0 0.0 1.0 0.0 
0.0 0.0 0.0 1.0 
0.0 0.0 1.0 0.0 
0.0 0.25 0.5 0.25 

MOTIF AKAP1_HepG2_CAGGCU
letter-probability matrix: alength= 4 w= 7
0.0 1.0 0.0 0.0 
1.0 0.0 0.0 0.0 
0.0 0.0 1.0 0.0 
0.0 0.0 1.0 0.0 
0.0 1.0 0.0 0.0 
0.0 0.0 0.0 1.0 
0.0 0.0 1.0 0.0 

MOTIF BCLAF1_HepG2_UCCUU
letter-probability matrix: alength= 4 w= 7
0.21428571428571427 0.23469387755102042 0.11224489795918367 0.4387755102040816 
0.030612244897959183 0.0 0.0 0.9693877551020408 
0.061224489795918366 0.5918367346938775 0.030612244897959183 0.3163265306122449 
0.08163265306122448 0.8571428571428571 0.0 0.061224489795918366 
0.04081632653061224 0.0 0.0 0.9591836734693877 
0.0 0.02040816326530612 0.030612244897959183 0.9489795918367347 
0.1326530612244898 0.24489795918367346 0.16326530612244897 0.45918367346938777 

MOTIF BCLAF1_HepG2_CUGUU
letter-probability matrix: alength= 4 w= 7
0.21518987341772153 0.13924050632911392 0.1518987341772152 0.4936708860759494 
0.12658227848101267 0.5316455696202531 0.11392405063291139 0.22784810126582278 
0.05063291139240506 0.0 0.0 0.9493670886075949 
0.012658227848101266 0.13924050632911392 0.7088607594936709 0.13924050632911392 
0.012658227848101266 0.0 0.0 0.9873417721518988 
0.0379746835443038 0.012658227848101266 0.0 0.9493670886075949 
0.16455696202531644 0.189873417721519 0.11392405063291139 0.5316455696202531 

MOTIF BCLAF1_HepG2_UCAAA
letter-probability matrix: alength= 4 w= 7
0.2711864406779661 0.1016949152542373 0.15254237288135594 0.4745762711864407 
0.15254237288135594 0.05084745762711865 0.03389830508474576 0.7627118644067796 
0.01694915254237288 0.847457627118644 0.05084745762711865 0.0847457627118644 
0.8813559322033898 0.06779661016949153 0.0 0.05084745762711865 
0.9152542372881356 0.0 0.05084745762711865 0.03389830508474576 
0.7966101694915254 0.0 0.06779661016949153 0.13559322033898305 
0.288135593220339 0.22033898305084745 0.2542372881355932 0.23728813559322035 

MOTIF BCLAF1_HepG2_UUCCA
letter-probability matrix: alength= 4 w= 7
0.20833333333333334 0.20833333333333334 0.08333333333333333 0.5 
0.041666666666666664 0.0 0.0 0.9583333333333334 
0.0 0.0 0.0 1.0 
0.10416666666666667 0.6875 0.08333333333333333 0.125 
0.0 0.7916666666666666 0.0625 0.14583333333333334 
0.8541666666666666 0.0 0.041666666666666664 0.10416666666666667 
0.10416666666666667 0.14583333333333334 0.22916666666666666 0.5208333333333334 

MOTIF BCLAF1_HepG2_UUGGA
letter-probability matrix: alength= 4 w= 7
0.21739130434782608 0.13043478260869565 0.08695652173913043 0.5652173913043478 
0.021739130434782608 0.0 0.043478260869565216 0.9347826086956522 
0.0 0.0 0.0 1.0 
0.08695652173913043 0.0 0.6304347826086957 0.2826086956521739 
0.13043478260869565 0.0 0.7608695652173914 0.10869565217391304 
0.8913043478260869 0.043478260869565216 0.0 0.06521739130434782 
0.17391304347826086 0.17391304347826086 0.10869565217391304 0.5434782608695652 

MOTIF BCLAF1_HepG2_UGAUG
letter-probability matrix: alength= 4 w= 7
0.3728813559322034 0.15254237288135594 0.1016949152542373 0.3728813559322034 
0.0 0.0 0.0 1.0 
0.0847457627118644 0.0 0.8135593220338984 0.1016949152542373 
1.0 0.0 0.0 0.0 
0.1016949152542373 0.0 0.0 0.8983050847457628 
0.13559322033898305 0.06779661016949153 0.6271186440677966 0.1694915254237288 
0.3728813559322034 0.1016949152542373 0.13559322033898305 0.3898305084745763 

MOTIF BCLAF1_HepG2_UUACU
letter-probability matrix: alength= 4 w= 7
0.16176470588235295 0.23529411764705882 0.25 0.35294117647058826 
0.04411764705882353 0.029411764705882353 0.04411764705882353 0.8823529411764706 
0.014705882352941176 0.0 0.0 0.9852941176470589 
0.6911764705882353 0.0 0.07352941176470588 0.23529411764705882 
0.058823529411764705 0.7941176470588235 0.029411764705882353 0.11764705882352941 
0.0 0.16176470588235295 0.0 0.8382352941176471 
0.22058823529411764 0.16176470588235295 0.14705882352941177 0.47058823529411764 

MOTIF BCLAF1_HepG2_CAAGU
letter-probability matrix: alength= 4 w= 7
0.2222222222222222 0.1111111111111111 0.25925925925925924 0.4074074074074074 
0.037037037037037035 0.6296296296296297 0.07407407407407407 0.25925925925925924 
0.9629629629629629 0.037037037037037035 0.0 0.0 
0.8888888888888888 0.0 0.07407407407407407 0.037037037037037035 
0.0 0.0 0.9629629629629629 0.037037037037037035 
0.25925925925925924 0.0 0.037037037037037035 0.7037037037037037 
0.4074074074074074 0.07407407407407407 0.037037037037037035 0.48148148148148145 

MOTIF BCLAF1_HepG2_GUAAG
letter-probability matrix: alength= 4 w= 7
0.2413793103448276 0.10344827586206896 0.13793103448275862 0.5172413793103449 
0.10344827586206896 0.0 0.7586206896551724 0.13793103448275862 
0.10344827586206896 0.0 0.0 0.896551724137931 
0.9310344827586207 0.0 0.06896551724137931 0.0 
0.9310344827586207 0.0 0.0 0.06896551724137931 
0.13793103448275862 0.06896551724137931 0.5862068965517241 0.20689655172413793 
0.20689655172413793 0.06896551724137931 0.2413793103448276 0.4827586206896552 

MOTIF BCLAF1_HepG2_UAAAG
letter-probability matrix: alength= 4 w= 7
0.38235294117647056 0.29411764705882354 0.08823529411764706 0.23529411764705882 
0.17647058823529413 0.0 0.0 0.8235294117647058 
1.0 0.0 0.0 0.0 
0.9117647058823529 0.08823529411764706 0.0 0.0 
1.0 0.0 0.0 0.0 
0.23529411764705882 0.0 0.5294117647058824 0.23529411764705882 
0.20588235294117646 0.08823529411764706 0.4117647058823529 0.29411764705882354 

MOTIF BCLAF1_HepG2_AACCA
letter-probability matrix: alength= 4 w= 7
0.2777777777777778 0.2222222222222222 0.16666666666666666 0.3333333333333333 
0.8888888888888888 0.1111111111111111 0.0 0.0 
1.0 0.0 0.0 0.0 
0.1111111111111111 0.7222222222222222 0.05555555555555555 0.1111111111111111 
0.0 0.9444444444444444 0.0 0.05555555555555555 
0.6666666666666666 0.05555555555555555 0.0 0.2777777777777778 
0.2222222222222222 0.3333333333333333 0.16666666666666666 0.2777777777777778 

MOTIF BCLAF1_HepG2_GAAUU
letter-probability matrix: alength= 4 w= 7
0.27450980392156865 0.17647058823529413 0.058823529411764705 0.49019607843137253 
0.1568627450980392 0.11764705882352941 0.5294117647058824 0.19607843137254902 
1.0 0.0 0.0 0.0 
0.8823529411764706 0.0 0.0392156862745098 0.0784313725490196 
0.0196078431372549 0.0 0.0 0.9803921568627451 
0.09803921568627451 0.11764705882352941 0.058823529411764705 0.7254901960784313 
0.17647058823529413 0.1568627450980392 0.13725490196078433 0.5294117647058824 

MOTIF BCLAF1_HepG2_GUUUG
letter-probability matrix: alength= 4 w= 7
0.2765957446808511 0.2765957446808511 0.14893617021276595 0.2978723404255319 
0.1702127659574468 0.14893617021276595 0.46808510638297873 0.2127659574468085 
0.0 0.0 0.0 1.0 
0.0 0.0 0.0 1.0 
0.0 0.0 0.0 1.0 
0.14893617021276595 0.02127659574468085 0.6382978723404256 0.19148936170212766 
0.10638297872340426 0.23404255319148937 0.10638297872340426 0.5531914893617021 

MOTIF BCLAF1_HepG2_CAGAA
letter-probability matrix: alength= 4 w= 7
0.14814814814814814 0.1111111111111111 0.2222222222222222 0.5185185185185185 
0.2222222222222222 0.7037037037037037 0.037037037037037035 0.037037037037037035 
0.9629629629629629 0.0 0.0 0.037037037037037035 
0.0 0.0 1.0 0.0 
0.8888888888888888 0.037037037037037035 0.0 0.07407407407407407 
0.8148148148148148 0.0 0.0 0.18518518518518517 
0.4074074074074074 0.037037037037037035 0.4074074074074074 0.14814814814814814 

MOTIF BCLAF1_HepG2_ACAAU
letter-probability matrix: alength= 4 w= 7
0.22727272727272727 0.18181818181818182 0.18181818181818182 0.4090909090909091 
0.8636363636363636 0.045454545454545456 0.045454545454545456 0.045454545454545456 
0.3181818181818182 0.6363636363636364 0.0 0.045454545454545456 
0.9545454545454546 0.0 0.0 0.045454545454545456 
0.8636363636363636 0.0 0.045454545454545456 0.09090909090909091 
0.045454545454545456 0.045454545454545456 0.0 0.9090909090909091 
0.22727272727272727 0.22727272727272727 0.22727272727272727 0.3181818181818182 

MOTIF BCLAF1_HepG2_UAUUU
letter-probability matrix: alength= 4 w= 7
0.33783783783783783 0.17567567567567569 0.14864864864864866 0.33783783783783783 
0.02702702702702703 0.16216216216216217 0.02702702702702703 0.7837837837837838 
0.8513513513513513 0.0 0.0 0.14864864864864866 
0.0 0.0 0.013513513513513514 0.9864864864864865 
0.12162162162162163 0.08108108108108109 0.013513513513513514 0.7837837837837838 
0.02702702702702703 0.05405405405405406 0.06756756756756757 0.8513513513513513 
0.14864864864864866 0.25675675675675674 0.12162162162162163 0.47297297297297297 

MOTIF BCLAF1_HepG2_CACUU
letter-probability matrix: alength= 4 w= 7
0.0 0.16666666666666666 0.16666666666666666 0.6666666666666666 
0.16666666666666666 0.16666666666666666 0.0 0.6666666666666666 
1.0 0.0 0.0 0.0 
0.0 1.0 0.0 0.0 
0.0 0.0 0.0 1.0 
0.0 0.0 0.0 1.0 
0.0 0.16666666666666666 0.3333333333333333 0.5 

MOTIF BCLAF1_HepG2_UUCUG
letter-probability matrix: alength= 4 w= 7
0.3055555555555556 0.3333333333333333 0.1111111111111111 0.25 
0.027777777777777776 0.0 0.0 0.9722222222222222 
0.0 0.0 0.0 1.0 
0.0 1.0 0.0 0.0 
0.027777777777777776 0.0 0.0 0.9722222222222222 
0.08333333333333333 0.2222222222222222 0.4722222222222222 0.2222222222222222 
0.3055555555555556 0.16666666666666666 0.1111111111111111 0.4166666666666667 

MOTIF BCLAF1_HepG2_AACAG
letter-probability matrix: alength= 4 w= 7
0.16666666666666666 0.3888888888888889 0.1111111111111111 0.3333333333333333 
1.0 0.0 0.0 0.0 
1.0 0.0 0.0 0.0 
0.0 0.8333333333333334 0.16666666666666666 0.0 
0.9444444444444444 0.0 0.0 0.05555555555555555 
0.0 0.0 0.6111111111111112 0.3888888888888889 
0.05555555555555555 0.5555555555555556 0.05555555555555555 0.3333333333333333 

MOTIF BCLAF1_HepG2_AAUAA
letter-probability matrix: alength= 4 w= 7
0.30434782608695654 0.21739130434782608 0.043478260869565216 0.43478260869565216 
0.8260869565217391 0.0 0.043478260869565216 0.13043478260869565 
1.0 0.0 0.0 0.0 
0.0 0.0 0.0 1.0 
0.9565217391304348 0.0 0.043478260869565216 0.0 
0.43478260869565216 0.17391304347826086 0.13043478260869565 0.2608695652173913 
0.391304347826087 0.17391304347826086 0.13043478260869565 0.30434782608695654 

MOTIF BCLAF1_HepG2_UUUUA
letter-probability matrix: alength= 4 w= 7
0.21951219512195122 0.17073170731707318 0.1951219512195122 0.4146341463414634 
0.0 0.07317073170731707 0.04878048780487805 0.8780487804878049 
0.0 0.04878048780487805 0.0 0.9512195121951219 
0.07317073170731707 0.0 0.0 0.926829268292683 
0.0 0.0 0.0 1.0 
0.9024390243902439 0.0975609756097561 0.0 0.0 
0.12195121951219512 0.24390243902439024 0.2682926829268293 0.36585365853658536 

MOTIF BCLAF1_HepG2_UACCU
letter-probability matrix: alength= 4 w= 7
0.6 0.0 0.2 0.2 
0.0 0.0 0.0 1.0 
1.0 0.0 0.0 0.0 
0.0 0.9 0.1 0.0 
0.2 0.8 0.0 0.0 
0.1 0.0 0.0 0.9 
0.1 0.3 0.2 0.4 

MOTIF BCLAF1_HepG2_CUACA
letter-probability matrix: alength= 4 w= 7
0.0 0.0 0.5 0.5 
0.0 0.75 0.25 0.0 
0.0 0.0 0.0 1.0 
0.5 0.0 0.0 0.5 
0.0 1.0 0.0 0.0 
1.0 0.0 0.0 0.0 
0.0 0.25 0.0 0.75 

MOTIF BCLAF1_HepG2_AUCUU
letter-probability matrix: alength= 4 w= 7
0.09615384615384616 0.5 0.09615384615384616 0.3076923076923077 
0.9038461538461539 0.019230769230769232 0.038461538461538464 0.038461538461538464 
0.0 0.0 0.019230769230769232 0.9807692307692307 
0.0 1.0 0.0 0.0 
0.25 0.0 0.0 0.75 
0.057692307692307696 0.019230769230769232 0.019230769230769232 0.9038461538461539 
0.038461538461538464 0.5192307692307693 0.11538461538461539 0.3269230769230769 

MOTIF BCLAF1_HepG2_GCUUA
letter-probability matrix: alength= 4 w= 7
0.0 0.0 0.0 1.0 
0.0 0.16666666666666666 0.6666666666666666 0.16666666666666666 
0.0 0.8333333333333334 0.16666666666666666 0.0 
0.0 0.0 0.0 1.0 
0.0 0.0 0.0 1.0 
0.8333333333333334 0.0 0.0 0.16666666666666666 
0.0 0.16666666666666666 0.0 0.8333333333333334 

MOTIF BCLAF1_HepG2_GUUAU
letter-probability matrix: alength= 4 w= 7
0.38461538461538464 0.07692307692307693 0.15384615384615385 0.38461538461538464 
0.23076923076923078 0.07692307692307693 0.6923076923076923 0.0 
0.0 0.0 0.23076923076923078 0.7692307692307693 
0.0 0.0 0.0 1.0 
1.0 0.0 0.0 0.0 
0.15384615384615385 0.15384615384615385 0.0 0.6923076923076923 
0.3076923076923077 0.38461538461538464 0.15384615384615385 0.15384615384615385 

MOTIF BCLAF1_HepG2_UUAAC
letter-probability matrix: alength= 4 w= 7
0.6666666666666666 0.0 0.0 0.3333333333333333 
0.0 0.0 0.0 1.0 
0.0 0.0 0.3333333333333333 0.6666666666666666 
0.6666666666666666 0.0 0.3333333333333333 0.0 
1.0 0.0 0.0 0.0 
0.0 1.0 0.0 0.0 
0.3333333333333333 0.3333333333333333 0.3333333333333333 0.0 

MOTIF BCLAF1_HepG2_GUUGA
letter-probability matrix: alength= 4 w= 7
0.2222222222222222 0.1111111111111111 0.1111111111111111 0.5555555555555556 
0.3333333333333333 0.0 0.6666666666666666 0.0 
0.0 0.0 0.0 1.0 
0.1111111111111111 0.0 0.0 0.8888888888888888 
0.0 0.0 1.0 0.0 
0.8888888888888888 0.0 0.1111111111111111 0.0 
0.4444444444444444 0.0 0.1111111111111111 0.4444444444444444 

MOTIF BCLAF1_HepG2_CUUGU
letter-probability matrix: alength= 4 w= 7
0.25 0.16666666666666666 0.08333333333333333 0.5 
0.4166666666666667 0.4166666666666667 0.0 0.16666666666666666 
0.0 0.0 0.0 1.0 
0.0 0.0 0.0 1.0 
0.0 0.0 1.0 0.0 
0.0 0.0 0.0 1.0 
0.08333333333333333 0.6666666666666666 0.0 0.25 

MOTIF BCLAF1_HepG2_UAUGA
letter-probability matrix: alength= 4 w= 7
0.375 0.25 0.0 0.375 
0.0 0.0 0.0 1.0 
1.0 0.0 0.0 0.0 
0.0 0.0 0.0 1.0 
0.0 0.125 0.875 0.0 
0.75 0.125 0.0 0.125 
0.375 0.25 0.0 0.375 

MOTIF BCLAF1_HepG2_UUCAU
letter-probability matrix: alength= 4 w= 7
0.2 0.26666666666666666 0.16666666666666666 0.36666666666666664 
0.0 0.03333333333333333 0.03333333333333333 0.9333333333333333 
0.0 0.0 0.0 1.0 
0.0 1.0 0.0 0.0 
0.9 0.0 0.1 0.0 
0.0 0.03333333333333333 0.03333333333333333 0.9333333333333333 
0.03333333333333333 0.3 0.1 0.5666666666666667 

MOTIF BCLAF1_HepG2_GAAGA
letter-probability matrix: alength= 4 w= 7
0.2222222222222222 0.1111111111111111 0.3333333333333333 0.3333333333333333 
0.0 0.2222222222222222 0.7777777777777778 0.0 
1.0 0.0 0.0 0.0 
1.0 0.0 0.0 0.0 
0.2222222222222222 0.0 0.7777777777777778 0.0 
1.0 0.0 0.0 0.0 
0.2222222222222222 0.1111111111111111 0.3333333333333333 0.3333333333333333 

MOTIF BCLAF1_HepG2_AAGGA
letter-probability matrix: alength= 4 w= 7
0.2222222222222222 0.4444444444444444 0.1111111111111111 0.2222222222222222 
0.6666666666666666 0.2222222222222222 0.1111111111111111 0.0 
1.0 0.0 0.0 0.0 
0.0 0.0 1.0 0.0 
0.0 0.0 1.0 0.0 
1.0 0.0 0.0 0.0 
0.5555555555555556 0.1111111111111111 0.2222222222222222 0.1111111111111111 

MOTIF BCLAF1_HepG2_UAUAC
letter-probability matrix: alength= 4 w= 7
0.4444444444444444 0.1111111111111111 0.4444444444444444 0.0 
0.0 0.0 0.0 1.0 
1.0 0.0 0.0 0.0 
0.0 0.0 0.0 1.0 
0.8888888888888888 0.1111111111111111 0.0 0.0 
0.1111111111111111 0.4444444444444444 0.2222222222222222 0.2222222222222222 
0.4444444444444444 0.1111111111111111 0.1111111111111111 0.3333333333333333 

MOTIF BCLAF1_HepG2_AAACU
letter-probability matrix: alength= 4 w= 7
0.6 0.2 0.2 0.0 
1.0 0.0 0.0 0.0 
1.0 0.0 0.0 0.0 
1.0 0.0 0.0 0.0 
0.0 1.0 0.0 0.0 
0.2 0.2 0.2 0.4 
0.2 0.4 0.0 0.4 

MOTIF BCLAF1_HepG2_AUGCA
letter-probability matrix: alength= 4 w= 7
0.6666666666666666 0.3333333333333333 0.0 0.0 
1.0 0.0 0.0 0.0 
0.0 0.0 0.0 1.0 
0.0 0.0 1.0 0.0 
0.0 0.3333333333333333 0.0 0.6666666666666666 
1.0 0.0 0.0 0.0 
0.3333333333333333 0.6666666666666666 0.0 0.0 

MOTIF BCLAF1_HepG2_CCUAA
letter-probability matrix: alength= 4 w= 7
0.0 0.5 0.0 0.5 
0.5 0.5 0.0 0.0 
0.0 1.0 0.0 0.0 
0.0 0.0 0.0 1.0 
1.0 0.0 0.0 0.0 
1.0 0.0 0.0 0.0 
0.5 0.0 0.0 0.5 

MOTIF BCLAF1_HepG2_AUAGA
letter-probability matrix: alength= 4 w= 7
0.125 0.125 0.125 0.625 
1.0 0.0 0.0 0.0 
0.0 0.0 0.375 0.625 
1.0 0.0 0.0 0.0 
0.0 0.0 1.0 0.0 
0.5 0.0 0.125 0.375 
0.25 0.25 0.125 0.375 

MOTIF BCLAF1_HepG2_AAAUC
letter-probability matrix: alength= 4 w= 7
0.5 0.0 0.0 0.5 
1.0 0.0 0.0 0.0 
0.75 0.0 0.0 0.25 
1.0 0.0 0.0 0.0 
0.0 0.0 0.0 1.0 
0.0 1.0 0.0 0.0 
0.25 0.0 0.0 0.75 

MOTIF BCLAF1_HepG2_ACAUA
letter-probability matrix: alength= 4 w= 7
0.6 0.0 0.2 0.2 
0.8 0.2 0.0 0.0 
0.0 0.8 0.2 0.0 
1.0 0.0 0.0 0.0 
0.0 0.0 0.0 1.0 
1.0 0.0 0.0 0.0 
0.0 0.6 0.2 0.2 

MOTIF BCLAF1_HepG2_AUUGC
letter-probability matrix: alength= 4 w= 7
0.0 0.6666666666666666 0.3333333333333333 0.0 
1.0 0.0 0.0 0.0 
0.0 0.0 0.0 1.0 
0.0 0.0 0.0 1.0 
0.0 0.0 1.0 0.0 
0.0 0.6666666666666666 0.3333333333333333 0.0 
0.3333333333333333 0.0 0.0 0.6666666666666666 

MOTIF BCLAF1_HepG2_GAUUC
letter-probability matrix: alength= 4 w= 7
0.5 0.0 0.0 0.5 
0.0 0.0 1.0 0.0 
1.0 0.0 0.0 0.0 
0.0 0.0 0.0 1.0 
0.0 0.0 0.0 1.0 
0.0 1.0 0.0 0.0 
0.0 0.5 0.0 0.5 

MOTIF BCLAF1_HepG2_ACUGA
letter-probability matrix: alength= 4 w= 7
1.0 0.0 0.0 0.0 
1.0 0.0 0.0 0.0 
0.0 1.0 0.0 0.0 
0.0 0.0 0.0 1.0 
0.0 0.0 1.0 0.0 
1.0 0.0 0.0 0.0 
1.0 0.0 0.0 0.0 

MOTIF BCLAF1_HepG2_GAUCA
letter-probability matrix: alength= 4 w= 7
0.0 0.0 0.0 1.0 
0.0 0.0 1.0 0.0 
1.0 0.0 0.0 0.0 
0.0 0.0 0.0 1.0 
0.0 1.0 0.0 0.0 
1.0 0.0 0.0 0.0 
0.0 1.0 0.0 0.0 

MOTIF BCLAF1_HepG2_UGGUA
letter-probability matrix: alength= 4 w= 7
0.7142857142857143 0.14285714285714285 0.0 0.14285714285714285 
0.0 0.0 0.0 1.0 
0.0 0.2857142857142857 0.7142857142857143 0.0 
0.0 0.0 1.0 0.0 
0.0 0.0 0.0 1.0 
1.0 0.0 0.0 0.0 
0.14285714285714285 0.0 0.2857142857142857 0.5714285714285714 

MOTIF BCLAF1_HepG2_GGAAA
letter-probability matrix: alength= 4 w= 7
0.0 0.0 0.3333333333333333 0.6666666666666666 
0.0 0.0 1.0 0.0 
0.0 0.0 1.0 0.0 
1.0 0.0 0.0 0.0 
1.0 0.0 0.0 0.0 
1.0 0.0 0.0 0.0 
0.0 0.0 0.0 1.0 

MOTIF BCLAF1_HepG2_AGUAU
letter-probability matrix: alength= 4 w= 7
0.0 0.6666666666666666 0.0 0.3333333333333333 
0.6666666666666666 0.0 0.0 0.3333333333333333 
0.0 0.0 1.0 0.0 
0.0 0.0 0.0 1.0 
1.0 0.0 0.0 0.0 
0.0 0.0 0.0 1.0 
0.0 0.6666666666666666 0.0 0.3333333333333333 

MOTIF BCLAF1_HepG2_CUUUC
letter-probability matrix: alength= 4 w= 7
0.0 0.0 0.25 0.75 
0.0 1.0 0.0 0.0 
0.0 0.0 0.0 1.0 
0.0 0.0 0.0 1.0 
0.0 0.0 0.0 1.0 
0.0 1.0 0.0 0.0 
0.25 0.0 0.0 0.75 

MOTIF BCLAF1_HepG2_UCUAU
letter-probability matrix: alength= 4 w= 7
0.0 0.42857142857142855 0.42857142857142855 0.14285714285714285 
0.0 0.0 0.0 1.0 
0.0 1.0 0.0 0.0 
0.0 0.0 0.0 1.0 
0.5714285714285714 0.42857142857142855 0.0 0.0 
0.0 0.2857142857142857 0.0 0.7142857142857143 
0.2857142857142857 0.2857142857142857 0.2857142857142857 0.14285714285714285 

MOTIF BCLAF1_HepG2_UAGGU
letter-probability matrix: alength= 4 w= 7
0.0 0.0 0.0 1.0 
0.0 0.0 0.0 1.0 
1.0 0.0 0.0 0.0 
0.0 0.0 1.0 0.0 
0.0 0.0 1.0 0.0 
0.0 0.25 0.0 0.75 
0.5 0.0 0.25 0.25 

MOTIF BCLAF1_HepG2_ACGAA
letter-probability matrix: alength= 4 w= 7
0.0 0.5 0.0 0.5 
1.0 0.0 0.0 0.0 
0.0 1.0 0.0 0.0 
0.0 0.0 1.0 0.0 
1.0 0.0 0.0 0.0 
1.0 0.0 0.0 0.0 
1.0 0.0 0.0 0.0 

MOTIF BCLAF1_HepG2_AAUGU
letter-probability matrix: alength= 4 w= 7
0.1 0.1 0.0 0.8 
1.0 0.0 0.0 0.0 
1.0 0.0 0.0 0.0 
0.0 0.0 0.0 1.0 
0.0 0.0 1.0 0.0 
0.0 0.0 0.0 1.0 
0.1 0.2 0.0 0.7 

MOTIF BCLAF1_HepG2_CAUUA
letter-probability matrix: alength= 4 w= 7
0.0 0.4444444444444444 0.0 0.5555555555555556 
0.0 1.0 0.0 0.0 
1.0 0.0 0.0 0.0 
0.0 0.0 0.0 1.0 
0.0 0.0 0.0 1.0 
0.7777777777777778 0.0 0.1111111111111111 0.1111111111111111 
0.3333333333333333 0.1111111111111111 0.0 0.5555555555555556 

MOTIF BCLAF1_HepG2_AGCAA
letter-probability matrix: alength= 4 w= 7
0.0 1.0 0.0 0.0 
1.0 0.0 0.0 0.0 
0.0 0.0 1.0 0.0 
0.0 1.0 0.0 0.0 
1.0 0.0 0.0 0.0 
1.0 0.0 0.0 0.0 
0.0 1.0 0.0 0.0 

MOTIF DDX3X_HepG2_CCGGG
letter-probability matrix: alength= 4 w= 7
0.02531645569620253 0.4430379746835443 0.34177215189873417 0.189873417721519 
0.02531645569620253 0.7341772151898734 0.17721518987341772 0.06329113924050633 
0.0759493670886076 0.9113924050632911 0.0 0.012658227848101266 
0.02531645569620253 0.02531645569620253 0.9113924050632911 0.0379746835443038 
0.012658227848101266 0.08860759493670886 0.8987341772151899 0.0 
0.012658227848101266 0.0379746835443038 0.9240506329113924 0.02531645569620253 
0.17721518987341772 0.3037974683544304 0.43037974683544306 0.08860759493670886 

MOTIF DDX3X_HepG2_CUGCU
letter-probability matrix: alength= 4 w= 7
0.05714285714285714 0.2857142857142857 0.5428571428571428 0.11428571428571428 
0.0 1.0 0.0 0.0 
0.0 0.02857142857142857 0.0 0.9714285714285714 
0.0 0.08571428571428572 0.9142857142857143 0.0 
0.0 0.9714285714285714 0.02857142857142857 0.0 
0.08571428571428572 0.05714285714285714 0.22857142857142856 0.6285714285714286 
0.02857142857142857 0.22857142857142856 0.7142857142857143 0.02857142857142857 

MOTIF DDX3X_HepG2_GGAGG
letter-probability matrix: alength= 4 w= 7
0.15217391304347827 0.391304347826087 0.391304347826087 0.06521739130434782 
0.06521739130434782 0.043478260869565216 0.8695652173913043 0.021739130434782608 
0.0 0.06521739130434782 0.9347826086956522 0.0 
0.7608695652173914 0.043478260869565216 0.13043478260869565 0.06521739130434782 
0.0 0.021739130434782608 0.9782608695652174 0.0 
0.021739130434782608 0.021739130434782608 0.9347826086956522 0.021739130434782608 
0.08695652173913043 0.391304347826087 0.4782608695652174 0.043478260869565216 

MOTIF DDX3X_HepG2_CAGCC
letter-probability matrix: alength= 4 w= 7
0.11764705882352941 0.35294117647058826 0.35294117647058826 0.17647058823529413 
0.0 1.0 0.0 0.0 
0.5294117647058824 0.4117647058823529 0.058823529411764705 0.0 
0.0 0.0 1.0 0.0 
0.0 1.0 0.0 0.0 
0.058823529411764705 0.7058823529411765 0.11764705882352941 0.11764705882352941 
0.058823529411764705 0.29411764705882354 0.4117647058823529 0.23529411764705882 

MOTIF DDX3X_HepG2_GCGAG
letter-probability matrix: alength= 4 w= 7
0.3076923076923077 0.5384615384615384 0.15384615384615385 0.0 
0.0 0.07692307692307693 0.9230769230769231 0.0 
0.07692307692307693 0.8461538461538461 0.0 0.07692307692307693 
0.0 0.0 1.0 0.0 
0.8461538461538461 0.07692307692307693 0.0 0.07692307692307693 
0.07692307692307693 0.0 0.8461538461538461 0.07692307692307693 
0.07692307692307693 0.23076923076923078 0.6923076923076923 0.0 

MOTIF DDX3X_HepG2_GUCGC
letter-probability matrix: alength= 4 w= 7
0.0 0.6666666666666666 0.16666666666666666 0.16666666666666666 
0.0 0.25 0.6666666666666666 0.08333333333333333 
0.0 0.16666666666666666 0.0 0.8333333333333334 
0.0 1.0 0.0 0.0 
0.0 0.16666666666666666 0.8333333333333334 0.0 
0.0 0.8333333333333334 0.16666666666666666 0.0 
0.0 0.5 0.08333333333333333 0.4166666666666667 

MOTIF DDX3X_HepG2_UCGGU
letter-probability matrix: alength= 4 w= 7
0.125 0.625 0.125 0.125 
0.125 0.0 0.125 0.75 
0.0 1.0 0.0 0.0 
0.0 0.0 1.0 0.0 
0.0 0.0 1.0 0.0 
0.0 0.375 0.125 0.5 
0.125 0.5 0.375 0.0 

MOTIF DDX3X_HepG2_GCGCU
letter-probability matrix: alength= 4 w= 7
0.3333333333333333 0.16666666666666666 0.16666666666666666 0.3333333333333333 
0.0 0.0 1.0 0.0 
0.0 1.0 0.0 0.0 
0.0 0.0 0.8333333333333334 0.16666666666666666 
0.0 1.0 0.0 0.0 
0.3333333333333333 0.0 0.0 0.6666666666666666 
0.0 0.5 0.16666666666666666 0.3333333333333333 

MOTIF DDX3X_HepG2_GCUGG
letter-probability matrix: alength= 4 w= 7
0.15384615384615385 0.0 0.6153846153846154 0.23076923076923078 
0.0 0.07692307692307693 0.9230769230769231 0.0 
0.0 1.0 0.0 0.0 
0.0 0.0 0.0 1.0 
0.0 0.07692307692307693 0.9230769230769231 0.0 
0.15384615384615385 0.0 0.8461538461538461 0.0 
0.23076923076923078 0.38461538461538464 0.3076923076923077 0.07692307692307693 

MOTIF DDX3X_HepG2_GGGUC
letter-probability matrix: alength= 4 w= 7
0.0625 0.1875 0.3125 0.4375 
0.0 0.0 1.0 0.0 
0.0 0.125 0.875 0.0 
0.0 0.0 1.0 0.0 
0.0625 0.0 0.125 0.8125 
0.0625 0.9375 0.0 0.0 
0.0625 0.4375 0.3125 0.1875 

MOTIF DDX3X_HepG2_GACCG
letter-probability matrix: alength= 4 w= 7
0.0 0.0 1.0 0.0 
0.0 0.0 1.0 0.0 
0.6666666666666666 0.3333333333333333 0.0 0.0 
0.0 1.0 0.0 0.0 
0.0 1.0 0.0 0.0 
0.0 0.0 1.0 0.0 
0.0 0.6666666666666666 0.3333333333333333 0.0 

MOTIF DDX3X_HepG2_CCAUG
letter-probability matrix: alength= 4 w= 7
0.0 0.4 0.2 0.4 
0.0 1.0 0.0 0.0 
0.0 1.0 0.0 0.0 
1.0 0.0 0.0 0.0 
0.0 0.6 0.0 0.4 
0.0 0.0 1.0 0.0 
0.0 0.6 0.2 0.2 

MOTIF DDX3X_HepG2_GCGGC
letter-probability matrix: alength= 4 w= 7
0.14285714285714285 0.23809523809523808 0.42857142857142855 0.19047619047619047 
0.0 0.0 1.0 0.0 
0.0 1.0 0.0 0.0 
0.0 0.0 1.0 0.0 
0.0 0.0 1.0 0.0 
0.09523809523809523 0.9047619047619048 0.0 0.0 
0.0 0.3333333333333333 0.5714285714285714 0.09523809523809523 

MOTIF DDX3X_HepG2_GUGGG
letter-probability matrix: alength= 4 w= 7
0.1111111111111111 0.3333333333333333 0.3333333333333333 0.2222222222222222 
0.0 0.1111111111111111 0.8888888888888888 0.0 
0.0 0.0 0.0 1.0 
0.0 0.0 1.0 0.0 
0.0 0.1111111111111111 0.8888888888888888 0.0 
0.0 0.0 1.0 0.0 
0.1111111111111111 0.1111111111111111 0.6666666666666666 0.1111111111111111 

MOTIF DDX3X_HepG2_GCCGA
letter-probability matrix: alength= 4 w= 7
0.2 0.4 0.4 0.0 
0.0 0.0 1.0 0.0 
0.0 1.0 0.0 0.0 
0.0 1.0 0.0 0.0 
0.0 0.4 0.6 0.0 
0.8 0.2 0.0 0.0 
0.0 0.8 0.2 0.0 

MOTIF DDX3X_HepG2_CCCCC
letter-probability matrix: alength= 4 w= 7
0.0 0.25 0.3333333333333333 0.4166666666666667 
0.0 0.9166666666666666 0.0 0.08333333333333333 
0.0 0.8333333333333334 0.0 0.16666666666666666 
0.0 0.6666666666666666 0.0 0.3333333333333333 
0.0 0.9166666666666666 0.0 0.08333333333333333 
0.0 0.9166666666666666 0.08333333333333333 0.0 
0.08333333333333333 0.16666666666666666 0.6666666666666666 0.08333333333333333 

MOTIF DDX3X_HepG2_GCCUG
letter-probability matrix: alength= 4 w= 7
0.0 0.3333333333333333 0.3333333333333333 0.3333333333333333 
0.0 0.0 1.0 0.0 
0.0 1.0 0.0 0.0 
0.0 1.0 0.0 0.0 
0.0 0.0 0.0 1.0 
0.0 0.3333333333333333 0.6666666666666666 0.0 
0.0 0.6666666666666666 0.3333333333333333 0.0 

MOTIF DDX3X_HepG2_CCGCA
letter-probability matrix: alength= 4 w= 7
0.0 0.0 1.0 0.0 
0.0 1.0 0.0 0.0 
0.0 1.0 0.0 0.0 
0.0 0.0 1.0 0.0 
0.0 1.0 0.0 0.0 
1.0 0.0 0.0 0.0 
0.0 0.0 1.0 0.0 

MOTIF DDX3X_HepG2_CCUCG
letter-probability matrix: alength= 4 w= 7
0.0 0.3333333333333333 0.16666666666666666 0.5 
0.0 0.8333333333333334 0.16666666666666666 0.0 
0.0 1.0 0.0 0.0 
0.0 0.0 0.0 1.0 
0.0 1.0 0.0 0.0 
0.0 0.0 1.0 0.0 
0.16666666666666666 0.0 0.6666666666666666 0.16666666666666666 

MOTIF DDX3X_HepG2_UGGCG
letter-probability matrix: alength= 4 w= 7
0.4 0.0 0.6 0.0 
0.0 0.0 0.4 0.6 
0.0 0.0 1.0 0.0 
0.0 0.0 1.0 0.0 
0.0 1.0 0.0 0.0 
0.0 0.0 1.0 0.0 
0.0 0.2 0.6 0.2 

MOTIF DDX3X_HepG2_GGUGC
letter-probability matrix: alength= 4 w= 7
0.2 0.6 0.2 0.0 
0.0 0.4 0.6 0.0 
0.0 0.0 1.0 0.0 
0.0 0.0 0.0 1.0 
0.0 0.0 1.0 0.0 
0.0 1.0 0.0 0.0 
0.2 0.2 0.2 0.4 

MOTIF DDX3X_HepG2_CCCAG
letter-probability matrix: alength= 4 w= 7
0.0 0.75 0.25 0.0 
0.0 1.0 0.0 0.0 
0.0 1.0 0.0 0.0 
0.0 1.0 0.0 0.0 
1.0 0.0 0.0 0.0 
0.0 0.0 1.0 0.0 
0.25 0.25 0.5 0.0 

MOTIF DDX3X_HepG2_CGGAA
letter-probability matrix: alength= 4 w= 7
0.0 0.5 0.5 0.0 
0.0 1.0 0.0 0.0 
0.0 0.0 1.0 0.0 
0.0 0.0 1.0 0.0 
1.0 0.0 0.0 0.0 
1.0 0.0 0.0 0.0 
0.5 0.5 0.0 0.0 

MOTIF DDX3X_HepG2_GCUCC
letter-probability matrix: alength= 4 w= 7
0.0 0.4 0.4 0.2 
0.0 0.0 1.0 0.0 
0.0 1.0 0.0 0.0 
0.0 0.0 0.0 1.0 
0.0 1.0 0.0 0.0 
0.0 1.0 0.0 0.0 
0.0 0.0 0.6 0.4 

MOTIF DDX3X_HepG2_CUAGC
letter-probability matrix: alength= 4 w= 7
0.0 0.0 1.0 0.0 
0.0 1.0 0.0 0.0 
0.0 0.0 0.0 1.0 
1.0 0.0 0.0 0.0 
0.0 0.0 1.0 0.0 
0.0 1.0 0.0 0.0 
0.0 0.0 0.0 1.0 

MOTIF DDX3X_HepG2_GGGGA
letter-probability matrix: alength= 4 w= 7
0.3333333333333333 0.16666666666666666 0.3333333333333333 0.16666666666666666 
0.0 0.0 1.0 0.0 
0.0 0.0 1.0 0.0 
0.0 0.0 1.0 0.0 
0.0 0.0 1.0 0.0 
0.8333333333333334 0.0 0.16666666666666666 0.0 
0.0 0.6666666666666666 0.16666666666666666 0.16666666666666666 

MOTIF DDX3X_HepG2_GCACG
letter-probability matrix: alength= 4 w= 7
0.5 0.5 0.0 0.0 
0.0 0.0 1.0 0.0 
0.0 1.0 0.0 0.0 
1.0 0.0 0.0 0.0 
0.0 1.0 0.0 0.0 
0.0 0.0 1.0 0.0 
0.0 1.0 0.0 0.0 

MOTIF DDX3X_HepG2_AGCAG
letter-probability matrix: alength= 4 w= 7
0.0 1.0 0.0 0.0 
1.0 0.0 0.0 0.0 
0.0 0.0 1.0 0.0 
0.0 1.0 0.0 0.0 
1.0 0.0 0.0 0.0 
0.0 0.0 1.0 0.0 
0.0 1.0 0.0 0.0 

MOTIF DDX3X_HepG2_AGGCC
letter-probability matrix: alength= 4 w= 7
0.0 1.0 0.0 0.0 
0.5 0.0 0.0 0.5 
0.0 0.0 1.0 0.0 
0.0 0.0 1.0 0.0 
0.0 1.0 0.0 0.0 
0.0 1.0 0.0 0.0 
0.5 0.0 0.5 0.0 

MOTIF DDX3X_HepG2_CUACGG
letter-probability matrix: alength= 4 w= 7
0.0 1.0 0.0 0.0 
0.0 0.0 0.0 1.0 
0.1111111111111111 0.4444444444444444 0.4444444444444444 0.0 
0.0 1.0 0.0 0.0 
0.0 0.0 1.0 0.0 
0.0 0.0 1.0 0.0 
0.1111111111111111 0.3333333333333333 0.5555555555555556 0.0 

MOTIF DDX3X_HepG2_CCUUCC
letter-probability matrix: alength= 4 w= 7
0.0 0.8888888888888888 0.1111111111111111 0.0 
0.0 1.0 0.0 0.0 
0.0 0.0 0.0 1.0 
0.0 0.3333333333333333 0.0 0.6666666666666666 
0.0 1.0 0.0 0.0 
0.0 1.0 0.0 0.0 
0.1111111111111111 0.5555555555555556 0.1111111111111111 0.2222222222222222 

MOTIF G3BP1_HepG2_ACCUG
letter-probability matrix: alength= 4 w= 7
0.25 0.0 0.0 0.75 
1.0 0.0 0.0 0.0 
0.0 1.0 0.0 0.0 
0.0 1.0 0.0 0.0 
0.0 0.0 0.0 1.0 
0.0 0.0 0.75 0.25 
0.5 0.0 0.5 0.0 

MOTIF G3BP1_HepG2_CUUAC
letter-probability matrix: alength= 4 w= 7
0.0 0.3333333333333333 0.6666666666666666 0.0 
0.0 0.6666666666666666 0.3333333333333333 0.0 
0.0 0.0 0.0 1.0 
0.0 0.0 0.0 1.0 
1.0 0.0 0.0 0.0 
0.0 1.0 0.0 0.0 
0.0 0.6666666666666666 0.0 0.3333333333333333 

MOTIF G3BP1_HepG2_AGGUA
letter-probability matrix: alength= 4 w= 7
0.0 1.0 0.0 0.0 
1.0 0.0 0.0 0.0 
0.0 0.0 1.0 0.0 
0.0 0.0 1.0 0.0 
0.0 0.0 0.0 1.0 
0.0 1.0 0.0 0.0 
1.0 0.0 0.0 0.0 

MOTIF G3BP1_HepG2_CUUCUCC
letter-probability matrix: alength= 4 w= 7
0.0 1.0 0.0 0.0 
0.0 0.0 0.0 1.0 
0.0 0.0 0.0 1.0 
0.0 1.0 0.0 0.0 
0.0 0.0 0.0 1.0 
0.0 1.0 0.0 0.0 
0.0 1.0 0.0 0.0 

MOTIF GRWD1_HepG2_UUCUU
letter-probability matrix: alength= 4 w= 7
0.06896551724137931 0.5862068965517241 0.20689655172413793 0.13793103448275862 
0.13793103448275862 0.20689655172413793 0.0 0.6551724137931034 
0.0 0.0 0.0 1.0 
0.0 1.0 0.0 0.0 
0.06896551724137931 0.034482758620689655 0.034482758620689655 0.8620689655172413 
0.0 0.0 0.034482758620689655 0.9655172413793104 
0.0 0.8275862068965517 0.034482758620689655 0.13793103448275862 

MOTIF GRWD1_HepG2_CUGCU
letter-probability matrix: alength= 4 w= 7
0.0 0.2222222222222222 0.5555555555555556 0.2222222222222222 
0.0 1.0 0.0 0.0 
0.0 0.0 0.2222222222222222 0.7777777777777778 
0.0 0.0 1.0 0.0 
0.0 1.0 0.0 0.0 
0.0 0.0 0.0 1.0 
0.2222222222222222 0.0 0.3333333333333333 0.4444444444444444 

MOTIF GRWD1_HepG2_UCCUC
letter-probability matrix: alength= 4 w= 7
0.4117647058823529 0.4117647058823529 0.11764705882352941 0.058823529411764705 
0.0 0.0 0.0 1.0 
0.0 1.0 0.0 0.0 
0.29411764705882354 0.6470588235294118 0.058823529411764705 0.0 
0.0 0.0 0.058823529411764705 0.9411764705882353 
0.0 1.0 0.0 0.0 
0.17647058823529413 0.5882352941176471 0.0 0.23529411764705882 

MOTIF GRWD1_HepG2_GCGCU
letter-probability matrix: alength= 4 w= 7
0.6666666666666666 0.0 0.0 0.3333333333333333 
0.0 0.0 1.0 0.0 
0.3333333333333333 0.6666666666666666 0.0 0.0 
0.0 0.0 1.0 0.0 
0.0 1.0 0.0 0.0 
0.0 0.0 0.0 1.0 
0.0 0.3333333333333333 0.0 0.6666666666666666 

MOTIF GRWD1_HepG2_AGGUG
letter-probability matrix: alength= 4 w= 7
0.0 0.5 0.5 0.0 
1.0 0.0 0.0 0.0 
0.0 0.0 1.0 0.0 
0.0 0.0 1.0 0.0 
0.5 0.0 0.0 0.5 
0.5 0.0 0.5 0.0 
0.0 0.0 0.5 0.5 

MOTIF GRWD1_HepG2_AACAG
letter-probability matrix: alength= 4 w= 7
0.0 0.6666666666666666 0.3333333333333333 0.0 
1.0 0.0 0.0 0.0 
0.6666666666666666 0.0 0.0 0.3333333333333333 
0.0 1.0 0.0 0.0 
1.0 0.0 0.0 0.0 
0.0 0.0 1.0 0.0 
0.3333333333333333 0.3333333333333333 0.0 0.3333333333333333 

MOTIF GRWD1_HepG2_AAGAA
letter-probability matrix: alength= 4 w= 7
0.1111111111111111 0.2222222222222222 0.6666666666666666 0.0 
0.8888888888888888 0.0 0.0 0.1111111111111111 
1.0 0.0 0.0 0.0 
0.0 0.0 1.0 0.0 
1.0 0.0 0.0 0.0 
0.8888888888888888 0.0 0.0 0.1111111111111111 
0.2222222222222222 0.1111111111111111 0.5555555555555556 0.1111111111111111 

MOTIF GRWD1_HepG2_GAUGA
letter-probability matrix: alength= 4 w= 7
0.5 0.0 0.0 0.5 
0.0 0.0 1.0 0.0 
1.0 0.0 0.0 0.0 
0.0 0.0 0.25 0.75 
0.0 0.0 1.0 0.0 
1.0 0.0 0.0 0.0 
0.25 0.0 0.0 0.75 

MOTIF GRWD1_HepG2_CUCAC
letter-probability matrix: alength= 4 w= 7
1.0 0.0 0.0 0.0 
0.0 1.0 0.0 0.0 
0.0 0.0 0.0 1.0 
0.0 0.0 0.0 1.0 
1.0 0.0 0.0 0.0 
0.0 1.0 0.0 0.0 
0.0 1.0 0.0 0.0 

MOTIF GRWD1_HepG2_AGCGA
letter-probability matrix: alength= 4 w= 7
0.0 0.3333333333333333 0.6666666666666666 0.0 
1.0 0.0 0.0 0.0 
0.0 0.0 1.0 0.0 
0.0 1.0 0.0 0.0 
0.0 0.0 1.0 0.0 
0.6666666666666666 0.0 0.3333333333333333 0.0 
0.0 0.3333333333333333 0.3333333333333333 0.3333333333333333 

MOTIF GRWD1_HepG2_CUUCA
letter-probability matrix: alength= 4 w= 7
0.14285714285714285 0.42857142857142855 0.14285714285714285 0.2857142857142857 
0.0 1.0 0.0 0.0 
0.14285714285714285 0.0 0.0 0.8571428571428571 
0.0 0.0 0.0 1.0 
0.0 1.0 0.0 0.0 
0.8571428571428571 0.14285714285714285 0.0 0.0 
0.14285714285714285 0.14285714285714285 0.42857142857142855 0.2857142857142857 

MOTIF GRWD1_HepG2_CGGGA
letter-probability matrix: alength= 4 w= 7
0.0 0.0 0.0 1.0 
0.0 1.0 0.0 0.0 
0.0 0.0 1.0 0.0 
0.0 0.0 1.0 0.0 
0.0 0.0 1.0 0.0 
1.0 0.0 0.0 0.0 
0.0 0.0 1.0 0.0 

MOTIF GRWD1_HepG2_GGCCG
letter-probability matrix: alength= 4 w= 7
0.0 0.0 0.0 1.0 
0.0 0.0 1.0 0.0 
0.0 0.0 1.0 0.0 
0.3333333333333333 0.6666666666666666 0.0 0.0 
0.0 1.0 0.0 0.0 
0.0 0.0 1.0 0.0 
0.0 0.3333333333333333 0.0 0.6666666666666666 

MOTIF GRWD1_HepG2_ACCUG
letter-probability matrix: alength= 4 w= 7
0.0 0.0 0.0 1.0 
1.0 0.0 0.0 0.0 
0.0 1.0 0.0 0.0 
0.0 1.0 0.0 0.0 
0.0 0.0 0.0 1.0 
0.0 0.0 1.0 0.0 
1.0 0.0 0.0 0.0 

MOTIF GRWD1_HepG2_AGACG
letter-probability matrix: alength= 4 w= 7
0.0 0.0 1.0 0.0 
1.0 0.0 0.0 0.0 
0.0 0.0 1.0 0.0 
1.0 0.0 0.0 0.0 
0.0 1.0 0.0 0.0 
0.0 0.0 1.0 0.0 
0.0 0.0 0.0 1.0 

MOTIF GRWD1_HepG2_UGGAU
letter-probability matrix: alength= 4 w= 7
0.0 0.5 0.5 0.0 
0.0 0.0 0.0 1.0 
0.0 0.0 1.0 0.0 
0.0 0.0 1.0 0.0 
1.0 0.0 0.0 0.0 
0.0 0.0 0.0 1.0 
0.5 0.0 0.5 0.0 

MOTIF GRWD1_HepG2_GAACG
letter-probability matrix: alength= 4 w= 7
0.0 0.0 0.0 1.0 
0.0 0.0 1.0 0.0 
1.0 0.0 0.0 0.0 
1.0 0.0 0.0 0.0 
0.0 1.0 0.0 0.0 
0.0 0.0 1.0 0.0 
1.0 0.0 0.0 0.0 

MOTIF GRWD1_HepG2_UGAUC
letter-probability matrix: alength= 4 w= 7
0.0 0.0 1.0 0.0 
0.0 0.0 0.0 1.0 
0.0 0.0 1.0 0.0 
1.0 0.0 0.0 0.0 
0.0 0.0 0.0 1.0 
0.0 1.0 0.0 0.0 
0.0 0.0 1.0 0.0 

MOTIF GRWD1_HepG2_GAAGCU
letter-probability matrix: alength= 4 w= 7
0.0 0.0 1.0 0.0 
1.0 0.0 0.0 0.0 
1.0 0.0 0.0 0.0 
0.0 0.0 1.0 0.0 
0.5 0.5 0.0 0.0 
0.0 0.0 0.0 1.0 
0.0 0.0 0.5 0.5 

MOTIF GRWD1_HepG2_GUAAGU
letter-probability matrix: alength= 4 w= 7
0.0 0.0 1.0 0.0 
0.0 0.0 0.0 1.0 
1.0 0.0 0.0 0.0 
1.0 0.0 0.0 0.0 
0.0 0.0 1.0 0.0 
0.0 0.0 0.0 1.0 
0.0 0.0 0.0 1.0 

MOTIF LARP4_HepG2_CUCUC
letter-probability matrix: alength= 4 w= 7
0.0 1.0 0.0 0.0 
0.0 1.0 0.0 0.0 
0.0 0.0 0.0 1.0 
0.0 1.0 0.0 0.0 
0.0 0.0 0.0 1.0 
0.0 1.0 0.0 0.0 
0.0 0.0 0.0 1.0 

MOTIF LARP4_HepG2_CCCCA
letter-probability matrix: alength= 4 w= 7
0.6666666666666666 0.0 0.3333333333333333 0.0 
0.0 1.0 0.0 0.0 
0.0 1.0 0.0 0.0 
0.0 1.0 0.0 0.0 
0.0 1.0 0.0 0.0 
0.6666666666666666 0.3333333333333333 0.0 0.0 
0.0 0.0 0.3333333333333333 0.6666666666666666 

MOTIF LARP4_HepG2_GGCAG
letter-probability matrix: alength= 4 w= 7
0.0 0.0 1.0 0.0 
0.0 0.0 1.0 0.0 
0.0 0.0 1.0 0.0 
0.0 0.6666666666666666 0.3333333333333333 0.0 
0.6666666666666666 0.0 0.0 0.3333333333333333 
0.0 0.0 1.0 0.0 
0.3333333333333333 0.0 0.6666666666666666 0.0 

MOTIF LARP4_HepG2_GGGCU
letter-probability matrix: alength= 4 w= 7
0.0 0.0 1.0 0.0 
0.0 0.0 1.0 0.0 
0.0 0.0 1.0 0.0 
0.0 0.0 1.0 0.0 
0.0 1.0 0.0 0.0 
0.0 0.0 0.0 1.0 
0.0 0.0 1.0 0.0 

MOTIF LARP4_HepG2_CUGGG
letter-probability matrix: alength= 4 w= 7
0.0 0.5 0.0 0.5 
0.0 1.0 0.0 0.0 
0.5 0.0 0.0 0.5 
0.0 0.0 1.0 0.0 
0.0 0.0 1.0 0.0 
0.0 0.0 1.0 0.0 
0.5 0.0 0.0 0.5 

MOTIF LARP4_HepG2_AGCCC
letter-probability matrix: alength= 4 w= 7
0.0 0.0 0.0 1.0 
1.0 0.0 0.0 0.0 
0.0 0.0 1.0 0.0 
0.0 1.0 0.0 0.0 
0.0 1.0 0.0 0.0 
0.0 1.0 0.0 0.0 
0.0 1.0 0.0 0.0 

MOTIF LARP4_HepG2_GAGGGG
letter-probability matrix: alength= 4 w= 7
0.0 0.0 1.0 0.0 
1.0 0.0 0.0 0.0 
0.0 0.0 1.0 0.0 
0.0 0.0 1.0 0.0 
0.0 0.0 1.0 0.0 
0.0 0.0 1.0 0.0 
0.0 1.0 0.0 0.0 

MOTIF LARP4_HepG2_GACACUUC
letter-probability matrix: alength= 4 w= 7
1.0 0.0 0.0 0.0 
0.0 1.0 0.0 0.0 
1.0 0.0 0.0 0.0 
0.0 1.0 0.0 0.0 
0.0 0.0 0.0 1.0 
0.0 0.0 0.0 1.0 
0.0 1.0 0.0 0.0 

MOTIF PPIG_HepG2_GGCGC
letter-probability matrix: alength= 4 w= 7
0.2631578947368421 0.05263157894736842 0.3157894736842105 0.3684210526315789 
0.0 0.0 1.0 0.0 
0.0 0.0 1.0 0.0 
0.0 1.0 0.0 0.0 
0.10526315789473684 0.2631578947368421 0.631578947368421 0.0 
0.15789473684210525 0.5789473684210527 0.15789473684210525 0.10526315789473684 
0.10526315789473684 0.3684210526315789 0.2631578947368421 0.2631578947368421 

MOTIF PPIG_HepG2_CACGG
letter-probability matrix: alength= 4 w= 7
0.043478260869565216 0.43478260869565216 0.17391304347826086 0.34782608695652173 
0.0 0.9565217391304348 0.043478260869565216 0.0 
0.8260869565217391 0.17391304347826086 0.0 0.0 
0.043478260869565216 0.6086956521739131 0.34782608695652173 0.0 
0.17391304347826086 0.08695652173913043 0.7391304347826086 0.0 
0.043478260869565216 0.0 0.9130434782608695 0.043478260869565216 
0.34782608695652173 0.2608695652173913 0.21739130434782608 0.17391304347826086 

MOTIF PPIG_HepG2_CCUGG
letter-probability matrix: alength= 4 w= 7
0.022222222222222223 0.08888888888888889 0.13333333333333333 0.7555555555555555 
0.0 0.8222222222222222 0.1111111111111111 0.06666666666666667 
0.0 1.0 0.0 0.0 
0.06666666666666667 0.0 0.022222222222222223 0.9111111111111111 
0.0 0.0 0.9555555555555556 0.044444444444444446 
0.06666666666666667 0.28888888888888886 0.6222222222222222 0.022222222222222223 
0.3111111111111111 0.17777777777777778 0.3333333333333333 0.17777777777777778 

MOTIF PPIG_HepG2_GAAGG
letter-probability matrix: alength= 4 w= 7
0.05555555555555555 0.05555555555555555 0.7777777777777778 0.1111111111111111 
0.0 0.0 1.0 0.0 
0.7222222222222222 0.2222222222222222 0.05555555555555555 0.0 
0.7222222222222222 0.0 0.16666666666666666 0.1111111111111111 
0.0 0.0 1.0 0.0 
0.1111111111111111 0.1111111111111111 0.6666666666666666 0.1111111111111111 
0.2222222222222222 0.3888888888888889 0.2777777777777778 0.1111111111111111 

MOTIF PPIG_HepG2_GUGGG
letter-probability matrix: alength= 4 w= 7
0.0967741935483871 0.1935483870967742 0.3225806451612903 0.3870967741935484 
0.0 0.0 1.0 0.0 
0.0 0.03225806451612903 0.0967741935483871 0.8709677419354839 
0.0 0.0 1.0 0.0 
0.0 0.0 0.9032258064516129 0.0967741935483871 
0.06451612903225806 0.22580645161290322 0.5483870967741935 0.16129032258064516 
0.12903225806451613 0.3870967741935484 0.2903225806451613 0.1935483870967742 

MOTIF PPIG_HepG2_CUGUG
letter-probability matrix: alength= 4 w= 7
0.0 0.6666666666666666 0.1111111111111111 0.2222222222222222 
0.0 1.0 0.0 0.0 
0.0 0.0 0.1111111111111111 0.8888888888888888 
0.0 0.1111111111111111 0.7777777777777778 0.1111111111111111 
0.0 0.1111111111111111 0.0 0.8888888888888888 
0.0 0.0 1.0 0.0 
0.2222222222222222 0.5555555555555556 0.1111111111111111 0.1111111111111111 

MOTIF PPIG_HepG2_AGGGU
letter-probability matrix: alength= 4 w= 7
1.0 0.0 0.0 0.0 
0.0 0.0 1.0 0.0 
0.0 0.0 1.0 0.0 
0.0 0.0 1.0 0.0 
0.0 0.0 1.0 0.0 
0.0 0.0 0.0 1.0 
0.0 0.0 0.0 1.0 

MOTIF PPIG_HepG2_GAGCC
letter-probability matrix: alength= 4 w= 7
0.26666666666666666 0.13333333333333333 0.2 0.4 
0.06666666666666667 0.2 0.7333333333333333 0.0 
0.8666666666666667 0.0 0.0 0.13333333333333333 
0.0 0.0 1.0 0.0 
0.0 0.8666666666666667 0.13333333333333333 0.0 
0.06666666666666667 0.6 0.06666666666666667 0.26666666666666666 
0.06666666666666667 0.3333333333333333 0.4 0.2 

MOTIF PPIG_HepG2_UCUCG
letter-probability matrix: alength= 4 w= 7
0.14285714285714285 0.14285714285714285 0.42857142857142855 0.2857142857142857 
0.2857142857142857 0.0 0.0 0.7142857142857143 
0.0 1.0 0.0 0.0 
0.0 0.2857142857142857 0.0 0.7142857142857143 
0.0 1.0 0.0 0.0 
0.14285714285714285 0.14285714285714285 0.7142857142857143 0.0 
0.0 0.2857142857142857 0.42857142857142855 0.2857142857142857 

MOTIF PPIG_HepG2_GAUGC
letter-probability matrix: alength= 4 w= 7
0.14285714285714285 0.0 0.2857142857142857 0.5714285714285714 
0.0 0.0 1.0 0.0 
0.14285714285714285 0.8571428571428571 0.0 0.0 
0.0 0.0 0.0 1.0 
0.0 0.0 1.0 0.0 
0.0 1.0 0.0 0.0 
0.42857142857142855 0.14285714285714285 0.0 0.42857142857142855 

MOTIF PPIG_HepG2_CUGCA
letter-probability matrix: alength= 4 w= 7
0.06666666666666667 0.2 0.13333333333333333 0.6 
0.0 0.8 0.13333333333333333 0.06666666666666667 
0.06666666666666667 0.0 0.06666666666666667 0.8666666666666667 
0.0 0.13333333333333333 0.8666666666666667 0.0 
0.0 1.0 0.0 0.0 
0.9333333333333333 0.06666666666666667 0.0 0.0 
0.0 0.06666666666666667 0.6666666666666666 0.26666666666666666 

MOTIF PPIG_HepG2_UCCAG
letter-probability matrix: alength= 4 w= 7
0.09090909090909091 0.18181818181818182 0.18181818181818182 0.5454545454545454 
0.0 0.2727272727272727 0.36363636363636365 0.36363636363636365 
0.0 1.0 0.0 0.0 
0.0 1.0 0.0 0.0 
1.0 0.0 0.0 0.0 
0.0 0.0 1.0 0.0 
0.09090909090909091 0.36363636363636365 0.36363636363636365 0.18181818181818182 

MOTIF PPIG_HepG2_UCCCC
letter-probability matrix: alength= 4 w= 7
0.043478260869565216 0.391304347826087 0.30434782608695654 0.2608695652173913 
0.043478260869565216 0.0 0.08695652173913043 0.8695652173913043 
0.0 1.0 0.0 0.0 
0.13043478260869565 0.8260869565217391 0.043478260869565216 0.0 
0.0 0.6956521739130435 0.0 0.30434782608695654 
0.08695652173913043 0.8260869565217391 0.043478260869565216 0.043478260869565216 
0.2608695652173913 0.34782608695652173 0.08695652173913043 0.30434782608695654 

MOTIF PPIG_HepG2_CCGUC
letter-probability matrix: alength= 4 w= 7
0.0 0.3333333333333333 0.0 0.6666666666666666 
0.0 1.0 0.0 0.0 
0.0 1.0 0.0 0.0 
0.3333333333333333 0.0 0.3333333333333333 0.3333333333333333 
0.0 0.3333333333333333 0.0 0.6666666666666666 
0.0 1.0 0.0 0.0 
0.3333333333333333 0.0 0.0 0.6666666666666666 

MOTIF PPIG_HepG2_UGCUG
letter-probability matrix: alength= 4 w= 7
0.04 0.64 0.12 0.2 
0.0 0.08 0.04 0.88 
0.0 0.0 1.0 0.0 
0.0 0.92 0.08 0.0 
0.0 0.0 0.04 0.96 
0.0 0.0 1.0 0.0 
0.12 0.32 0.44 0.12 

MOTIF PPIG_HepG2_CAGGU
letter-probability matrix: alength= 4 w= 7
0.2857142857142857 0.07142857142857142 0.21428571428571427 0.42857142857142855 
0.0 0.8571428571428571 0.07142857142857142 0.07142857142857142 
1.0 0.0 0.0 0.0 
0.0 0.0 1.0 0.0 
0.0 0.07142857142857142 0.9285714285714286 0.0 
0.21428571428571427 0.14285714285714285 0.07142857142857142 0.5714285714285714 
0.07142857142857142 0.14285714285714285 0.6428571428571429 0.14285714285714285 

MOTIF PPIG_HepG2_GCUCC
letter-probability matrix: alength= 4 w= 7
0.0 0.0 0.16666666666666666 0.8333333333333334 
0.0 0.16666666666666666 0.6666666666666666 0.16666666666666666 
0.0 0.8333333333333334 0.16666666666666666 0.0 
0.0 0.0 0.0 1.0 
0.0 1.0 0.0 0.0 
0.16666666666666666 0.8333333333333334 0.0 0.0 
0.16666666666666666 0.16666666666666666 0.0 0.6666666666666666 

MOTIF PPIG_HepG2_GGGAG
letter-probability matrix: alength= 4 w= 7
0.2 0.2 0.3333333333333333 0.26666666666666666 
0.06666666666666667 0.06666666666666667 0.7333333333333333 0.13333333333333333 
0.0 0.0 1.0 0.0 
0.0 0.3333333333333333 0.6666666666666666 0.0 
1.0 0.0 0.0 0.0 
0.0 0.0 1.0 0.0 
0.26666666666666666 0.26666666666666666 0.3333333333333333 0.13333333333333333 

MOTIF PPIG_HepG2_GGGCA
letter-probability matrix: alength= 4 w= 7
0.125 0.125 0.375 0.375 
0.0 0.0 1.0 0.0 
0.0 0.0 1.0 0.0 
0.0 0.5 0.5 0.0 
0.0 1.0 0.0 0.0 
1.0 0.0 0.0 0.0 
0.0 0.375 0.5 0.125 

MOTIF PPIG_HepG2_CAUCG
letter-probability matrix: alength= 4 w= 7
0.16666666666666666 0.0 0.0 0.8333333333333334 
0.0 1.0 0.0 0.0 
1.0 0.0 0.0 0.0 
0.0 0.0 0.5 0.5 
0.0 1.0 0.0 0.0 
0.0 0.16666666666666666 0.8333333333333334 0.0 
0.5 0.16666666666666666 0.0 0.3333333333333333 

MOTIF PPIG_HepG2_UGACC
letter-probability matrix: alength= 4 w= 7
0.16666666666666666 0.16666666666666666 0.5 0.16666666666666666 
0.08333333333333333 0.0 0.08333333333333333 0.8333333333333334 
0.0 0.0 0.8333333333333334 0.16666666666666666 
0.75 0.0 0.08333333333333333 0.16666666666666666 
0.0 1.0 0.0 0.0 
0.0 0.9166666666666666 0.0 0.08333333333333333 
0.16666666666666666 0.08333333333333333 0.3333333333333333 0.4166666666666667 

MOTIF PPIG_HepG2_CCACC
letter-probability matrix: alength= 4 w= 7
0.0 0.75 0.0 0.25 
0.0 0.75 0.0 0.25 
0.0 1.0 0.0 0.0 
1.0 0.0 0.0 0.0 
0.0 1.0 0.0 0.0 
0.0 0.5 0.0 0.5 
0.0 0.25 0.5 0.25 

MOTIF PPIG_HepG2_GAGUG
letter-probability matrix: alength= 4 w= 7
0.5 0.0 0.0 0.5 
0.0 0.0 1.0 0.0 
0.5 0.5 0.0 0.0 
0.0 0.0 1.0 0.0 
0.0 0.0 0.0 1.0 
0.0 0.0 1.0 0.0 
0.0 0.5 0.5 0.0 

MOTIF PPIG_HepG2_GAGGA
letter-probability matrix: alength= 4 w= 7
0.0 0.1111111111111111 0.2222222222222222 0.6666666666666666 
0.0 0.0 1.0 0.0 
1.0 0.0 0.0 0.0 
0.0 0.0 1.0 0.0 
0.0 0.0 1.0 0.0 
0.8888888888888888 0.1111111111111111 0.0 0.0 
0.1111111111111111 0.4444444444444444 0.3333333333333333 0.1111111111111111 

MOTIF PPIG_HepG2_GCGGC
letter-probability matrix: alength= 4 w= 7
0.6 0.0 0.2 0.2 
0.0 0.0 0.8 0.2 
0.0 1.0 0.0 0.0 
0.2 0.0 0.8 0.0 
0.0 0.0 1.0 0.0 
0.4 0.6 0.0 0.0 
0.0 0.4 0.2 0.4 

MOTIF PPIG_HepG2_GUAAG
letter-probability matrix: alength= 4 w= 7
0.0 0.0 1.0 0.0 
0.0 0.0 1.0 0.0 
0.0 0.0 0.0 1.0 
1.0 0.0 0.0 0.0 
1.0 0.0 0.0 0.0 
0.0 0.0 0.3333333333333333 0.6666666666666666 
0.0 0.3333333333333333 0.0 0.6666666666666666 

MOTIF PPIG_HepG2_CCUCA
letter-probability matrix: alength= 4 w= 7
0.16666666666666666 0.5 0.0 0.3333333333333333 
0.3333333333333333 0.5 0.0 0.16666666666666666 
0.0 1.0 0.0 0.0 
0.0 0.0 0.0 1.0 
0.0 1.0 0.0 0.0 
0.6666666666666666 0.16666666666666666 0.0 0.16666666666666666 
0.0 0.6666666666666666 0.3333333333333333 0.0 

MOTIF PPIG_HepG2_GCCGG
letter-probability matrix: alength= 4 w= 7
0.4 0.0 0.6 0.0 
0.2 0.0 0.8 0.0 
0.0 1.0 0.0 0.0 
0.0 1.0 0.0 0.0 
0.0 0.0 1.0 0.0 
0.0 0.0 0.8 0.2 
0.2 0.4 0.2 0.2 

MOTIF PPIG_HepG2_GGCCU
letter-probability matrix: alength= 4 w= 7
0.0 0.0 0.0 1.0 
0.0 0.0 1.0 0.0 
0.0 0.0 0.5 0.5 
0.0 1.0 0.0 0.0 
0.0 1.0 0.0 0.0 
0.0 0.0 0.0 1.0 
0.0 0.5 0.0 0.5 

MOTIF PPIG_HepG2_CGCAG
letter-probability matrix: alength= 4 w= 7
0.0 0.8 0.2 0.0 
0.2 0.6 0.0 0.2 
0.0 0.0 1.0 0.0 
0.0 1.0 0.0 0.0 
1.0 0.0 0.0 0.0 
0.0 0.0 1.0 0.0 
0.4 0.0 0.0 0.6 

MOTIF PPIG_HepG2_UACCU
letter-probability matrix: alength= 4 w= 7
0.0 0.0 0.3333333333333333 0.6666666666666666 
0.0 0.0 0.0 1.0 
1.0 0.0 0.0 0.0 
0.0 1.0 0.0 0.0 
0.0 1.0 0.0 0.0 
0.0 0.0 0.0 1.0 
0.0 0.0 1.0 0.0 

MOTIF PPIG_HepG2_UGGUC
letter-probability matrix: alength= 4 w= 7
0.0 0.5 0.0 0.5 
0.0 0.0 0.0 1.0 
0.0 0.0 1.0 0.0 
0.0 0.0 1.0 0.0 
0.0 0.0 0.0 1.0 
0.0 1.0 0.0 0.0 
0.5 0.5 0.0 0.0 

MOTIF PPIG_HepG2_CGGGG
letter-probability matrix: alength= 4 w= 7
0.25 0.0 0.5 0.25 
0.0 1.0 0.0 0.0 
0.0 0.0 1.0 0.0 
0.0 0.0 1.0 0.0 
0.0 0.0 1.0 0.0 
0.0 0.0 1.0 0.0 
0.5 0.25 0.25 0.0 

MOTIF PPIG_HepG2_GACAC
letter-probability matrix: alength= 4 w= 7
0.0 0.0 1.0 0.0 
0.0 0.0 1.0 0.0 
1.0 0.0 0.0 0.0 
0.0 1.0 0.0 0.0 
1.0 0.0 0.0 0.0 
0.0 1.0 0.0 0.0 
0.0 0.0 0.0 1.0 

MOTIF PPIG_HepG2_GGUGA
letter-probability matrix: alength= 4 w= 7
0.2 0.0 0.4 0.4 
0.0 0.0 1.0 0.0 
0.0 0.0 1.0 0.0 
0.0 0.0 0.0 1.0 
0.0 0.0 1.0 0.0 
1.0 0.0 0.0 0.0 
0.2 0.4 0.2 0.2 

MOTIF PPIG_HepG2_ACGAG
letter-probability matrix: alength= 4 w= 7
0.0 0.0 0.0 1.0 
1.0 0.0 0.0 0.0 
0.0 1.0 0.0 0.0 
0.0 0.0 1.0 0.0 
1.0 0.0 0.0 0.0 
0.0 0.0 1.0 0.0 
0.0 0.0 0.0 1.0 

MOTIF PPIG_HepG2_GGUAC
letter-probability matrix: alength= 4 w= 7
0.5 0.0 0.0 0.5 
0.0 0.0 1.0 0.0 
0.0 0.0 1.0 0.0 
0.0 0.0 0.0 1.0 
1.0 0.0 0.0 0.0 
0.0 1.0 0.0 0.0 
0.0 0.0 0.0 1.0 

MOTIF PPIG_HepG2_CUCUUC
letter-probability matrix: alength= 4 w= 7
0.0 1.0 0.0 0.0 
0.0 0.0 0.0 1.0 
0.0 1.0 0.0 0.0 
0.0 0.16666666666666666 0.0 0.8333333333333334 
0.0 0.3333333333333333 0.16666666666666666 0.5 
0.0 1.0 0.0 0.0 
0.3333333333333333 0.16666666666666666 0.16666666666666666 0.3333333333333333 

MOTIF RBM15_K562_CCGUG
letter-probability matrix: alength= 4 w= 7
0.16666666666666666 0.3333333333333333 0.16666666666666666 0.3333333333333333 
0.0 1.0 0.0 0.0 
0.0 1.0 0.0 0.0 
0.0 0.0 1.0 0.0 
0.16666666666666666 0.5 0.16666666666666666 0.16666666666666666 
0.0 0.0 1.0 0.0 
0.0 0.3333333333333333 0.5 0.16666666666666666 

MOTIF RBM15_K562_AGCCC
letter-probability matrix: alength= 4 w= 7
0.5 0.0 0.0 0.5 
0.5 0.0 0.5 0.0 
0.0 0.0 1.0 0.0 
0.0 1.0 0.0 0.0 
0.0 1.0 0.0 0.0 
0.0 1.0 0.0 0.0 
0.5 0.0 0.5 0.0 

MOTIF RBM15_K562_GGGAG
letter-probability matrix: alength= 4 w= 7
0.0 0.42857142857142855 0.2857142857142857 0.2857142857142857 
0.0 0.14285714285714285 0.7142857142857143 0.14285714285714285 
0.14285714285714285 0.0 0.8571428571428571 0.0 
0.0 0.0 1.0 0.0 
0.7142857142857143 0.14285714285714285 0.14285714285714285 0.0 
0.0 0.0 1.0 0.0 
0.2857142857142857 0.14285714285714285 0.2857142857142857 0.2857142857142857 

MOTIF RBM15_K562_UCCCC
letter-probability matrix: alength= 4 w= 7
0.0 0.3333333333333333 0.0 0.6666666666666666 
0.0 0.0 0.0 1.0 
0.0 1.0 0.0 0.0 
0.0 1.0 0.0 0.0 
0.0 0.6666666666666666 0.0 0.3333333333333333 
0.0 1.0 0.0 0.0 
0.6666666666666666 0.3333333333333333 0.0 0.0 

MOTIF RBM15_K562_GGGGC
letter-probability matrix: alength= 4 w= 7
0.16666666666666666 0.3333333333333333 0.4166666666666667 0.08333333333333333 
0.0 0.08333333333333333 0.8333333333333334 0.08333333333333333 
0.0 0.3333333333333333 0.6666666666666666 0.0 
0.0 0.0 1.0 0.0 
0.0 0.0 1.0 0.0 
0.08333333333333333 0.75 0.0 0.16666666666666666 
0.16666666666666666 0.25 0.4166666666666667 0.16666666666666666 

MOTIF RBM15_K562_AAGCG
letter-probability matrix: alength= 4 w= 7
0.0 0.3333333333333333 0.6666666666666666 0.0 
0.6666666666666666 0.0 0.3333333333333333 0.0 
1.0 0.0 0.0 0.0 
0.0 0.0 1.0 0.0 
0.0 1.0 0.0 0.0 
0.0 0.0 1.0 0.0 
0.0 0.0 1.0 0.0 

MOTIF RBM15_K562_CCGGU
letter-probability matrix: alength= 4 w= 7
0.3333333333333333 0.6666666666666666 0.0 0.0 
0.0 1.0 0.0 0.0 
0.0 1.0 0.0 0.0 
0.0 0.0 1.0 0.0 
0.0 0.0 1.0 0.0 
0.0 0.6666666666666666 0.0 0.3333333333333333 
0.3333333333333333 0.0 0.3333333333333333 0.3333333333333333 

MOTIF RBM15_K562_CAGGG
letter-probability matrix: alength= 4 w= 7
0.0 0.5 0.25 0.25 
0.0 1.0 0.0 0.0 
1.0 0.0 0.0 0.0 
0.0 0.0 1.0 0.0 
0.0 0.0 1.0 0.0 
0.0 0.0 1.0 0.0 
0.0 0.75 0.25 0.0 

MOTIF RBM15_K562_CCCUC
letter-probability matrix: alength= 4 w= 7
0.5 0.5 0.0 0.0 
0.5 0.5 0.0 0.0 
0.0 1.0 0.0 0.0 
0.0 1.0 0.0 0.0 
0.0 0.0 0.0 1.0 
0.0 1.0 0.0 0.0 
0.0 0.5 0.0 0.5 

MOTIF RBM15_K562_UGGCC
letter-probability matrix: alength= 4 w= 7
0.0 0.0 0.5 0.5 
0.0 0.0 0.0 1.0 
0.0 0.0 1.0 0.0 
0.0 0.0 1.0 0.0 
0.0 1.0 0.0 0.0 
0.0 1.0 0.0 0.0 
0.5 0.0 0.0 0.5 

MOTIF RBM15_K562_GCGCA
letter-probability matrix: alength= 4 w= 7
0.0 1.0 0.0 0.0 
0.0 0.0 1.0 0.0 
0.0 1.0 0.0 0.0 
0.0 0.0 1.0 0.0 
0.0 1.0 0.0 0.0 
1.0 0.0 0.0 0.0 
0.0 1.0 0.0 0.0 

MOTIF RBM15_K562_GACCG
letter-probability matrix: alength= 4 w= 7
0.0 0.0 0.0 1.0 
0.0 0.0 1.0 0.0 
1.0 0.0 0.0 0.0 
0.0 1.0 0.0 0.0 
0.0 1.0 0.0 0.0 
0.0 0.0 1.0 0.0 
0.0 0.0 0.0 1.0 

MOTIF RBM15_K562_CGCCG
letter-probability matrix: alength= 4 w= 7
0.0 0.5 0.0 0.5 
0.0 1.0 0.0 0.0 
0.0 0.0 1.0 0.0 
0.0 1.0 0.0 0.0 
0.0 1.0 0.0 0.0 
0.0 0.0 1.0 0.0 
0.5 0.5 0.0 0.0 

MOTIF RBM15_K562_GGCAC
letter-probability matrix: alength= 4 w= 7
0.5 0.0 0.0 0.5 
0.0 0.0 1.0 0.0 
0.0 0.0 1.0 0.0 
0.0 0.5 0.0 0.5 
1.0 0.0 0.0 0.0 
0.0 1.0 0.0 0.0 
0.0 0.5 0.0 0.5 

MOTIF RBM15_K562_GCUGG
letter-probability matrix: alength= 4 w= 7
0.5 0.0 0.0 0.5 
0.0 0.0 1.0 0.0 
0.0 1.0 0.0 0.0 
0.0 0.0 0.0 1.0 
0.0 0.0 1.0 0.0 
0.0 0.5 0.5 0.0 
0.0 0.5 0.0 0.5 

MOTIF RBM15_K562_CUCCAG
letter-probability matrix: alength= 4 w= 7
0.0 1.0 0.0 0.0 
0.5 0.0 0.0 0.5 
0.0 1.0 0.0 0.0 
0.0 1.0 0.0 0.0 
1.0 0.0 0.0 0.0 
0.0 0.0 1.0 0.0 
0.0 0.5 0.5 0.0 

MOTIF RPS3_HepG2_GGAGC
letter-probability matrix: alength= 4 w= 7
0.1111111111111111 0.0 0.7777777777777778 0.1111111111111111 
0.0 0.2222222222222222 0.7777777777777778 0.0 
0.0 0.1111111111111111 0.8888888888888888 0.0 
0.8888888888888888 0.0 0.1111111111111111 0.0 
0.0 0.0 1.0 0.0 
0.1111111111111111 0.7777777777777778 0.1111111111111111 0.0 
0.1111111111111111 0.6666666666666666 0.1111111111111111 0.1111111111111111 

MOTIF RPS3_HepG2_GUACC
letter-probability matrix: alength= 4 w= 7
0.0 0.0 0.5 0.5 
0.0 0.0 1.0 0.0 
0.0 0.0 0.0 1.0 
0.5 0.5 0.0 0.0 
0.0 1.0 0.0 0.0 
0.0 0.5 0.0 0.5 
0.0 0.5 0.0 0.5 

MOTIF RPS3_HepG2_GGCCU
letter-probability matrix: alength= 4 w= 7
0.3076923076923077 0.19230769230769232 0.2692307692307692 0.23076923076923078 
0.0 0.038461538461538464 0.9230769230769231 0.038461538461538464 
0.0 0.0 1.0 0.0 
0.0 0.9615384615384616 0.038461538461538464 0.0 
0.0 0.9615384615384616 0.038461538461538464 0.0 
0.15384615384615385 0.34615384615384615 0.11538461538461539 0.38461538461538464 
0.11538461538461539 0.4230769230769231 0.4230769230769231 0.038461538461538464 

MOTIF RPS3_HepG2_CUGGG
letter-probability matrix: alength= 4 w= 7
0.13333333333333333 0.26666666666666666 0.6 0.0 
0.06666666666666667 0.8666666666666667 0.06666666666666667 0.0 
0.0 0.0 0.0 1.0 
0.0 0.0 1.0 0.0 
0.0 0.0 1.0 0.0 
0.2 0.13333333333333333 0.5333333333333333 0.13333333333333333 
0.2 0.2 0.5333333333333333 0.06666666666666667 

MOTIF RPS3_HepG2_CCGCC
letter-probability matrix: alength= 4 w= 7
0.21428571428571427 0.2857142857142857 0.42857142857142855 0.07142857142857142 
0.0 0.9285714285714286 0.07142857142857142 0.0 
0.0 0.6428571428571429 0.0 0.35714285714285715 
0.0 0.0 0.9285714285714286 0.07142857142857142 
0.0 1.0 0.0 0.0 
0.0 0.7857142857142857 0.14285714285714285 0.07142857142857142 
0.07142857142857142 0.2857142857142857 0.5 0.14285714285714285 

MOTIF RPS3_HepG2_GCGGC
letter-probability matrix: alength= 4 w= 7
0.15384615384615385 0.07692307692307693 0.46153846153846156 0.3076923076923077 
0.07692307692307693 0.0 0.9230769230769231 0.0 
0.0 1.0 0.0 0.0 
0.0 0.0 0.6923076923076923 0.3076923076923077 
0.0 0.0 1.0 0.0 
0.0 0.7692307692307693 0.15384615384615385 0.07692307692307693 
0.07692307692307693 0.3076923076923077 0.3076923076923077 0.3076923076923077 

MOTIF RPS3_HepG2_CCGAG
letter-probability matrix: alength= 4 w= 7
0.0 0.6666666666666666 0.3333333333333333 0.0 
0.0 1.0 0.0 0.0 
0.0 1.0 0.0 0.0 
0.0 0.0 1.0 0.0 
1.0 0.0 0.0 0.0 
0.3333333333333333 0.6666666666666666 0.0 0.0 
0.3333333333333333 0.3333333333333333 0.3333333333333333 0.0 

MOTIF RPS3_HepG2_GGUCA
letter-probability matrix: alength= 4 w= 7
0.0 0.25 0.75 0.0 
0.0 0.0 1.0 0.0 
0.0 0.0 1.0 0.0 
0.0 0.0 0.0 1.0 
0.0 1.0 0.0 0.0 
0.25 0.5 0.25 0.0 
0.0 1.0 0.0 0.0 

MOTIF RPS3_HepG2_GCCAC
letter-probability matrix: alength= 4 w= 7
0.5 0.0 0.5 0.0 
0.25 0.0 0.75 0.0 
0.0 1.0 0.0 0.0 
0.0 1.0 0.0 0.0 
0.75 0.25 0.0 0.0 
0.0 1.0 0.0 0.0 
0.0 0.5 0.25 0.25 

MOTIF RPS3_HepG2_CGCGC
letter-probability matrix: alength= 4 w= 7
0.0 1.0 0.0 0.0 
0.0 0.0 1.0 0.0 
0.0 0.0 1.0 0.0 
0.0 1.0 0.0 0.0 
0.0 0.0 1.0 0.0 
0.0 1.0 0.0 0.0 
0.0 0.0 0.0 1.0 

MOTIF RPS3_HepG2_GCUGU
letter-probability matrix: alength= 4 w= 7
0.0 0.1 0.7 0.2 
0.0 0.0 1.0 0.0 
0.0 1.0 0.0 0.0 
0.0 0.0 0.0 1.0 
0.0 0.1 0.9 0.0 
0.3 0.4 0.2 0.1 
0.4 0.2 0.3 0.1 

MOTIF RPS3_HepG2_AGGGG
letter-probability matrix: alength= 4 w= 7
0.0 0.0 1.0 0.0 
1.0 0.0 0.0 0.0 
0.0 0.0 1.0 0.0 
0.0 0.0 1.0 0.0 
0.0 0.0 1.0 0.0 
0.0 0.0 1.0 0.0 
0.0 1.0 0.0 0.0 

MOTIF RPS3_HepG2_CGACU
letter-probability matrix: alength= 4 w= 7
1.0 0.0 0.0 0.0 
0.0 1.0 0.0 0.0 
0.0 0.0 1.0 0.0 
1.0 0.0 0.0 0.0 
0.0 1.0 0.0 0.0 
0.0 1.0 0.0 0.0 
0.0 1.0 0.0 0.0 

MOTIF RPS3_HepG2_GUCCG
letter-probability matrix: alength= 4 w= 7
0.25 0.5 0.25 0.0 
0.0 0.25 0.75 0.0 
0.25 0.0 0.0 0.75 
0.0 1.0 0.0 0.0 
0.0 1.0 0.0 0.0 
0.0 0.0 1.0 0.0 
0.25 0.25 0.5 0.0 

MOTIF RPS3_HepG2_AGCAG
letter-probability matrix: alength= 4 w= 7
0.0 0.375 0.5 0.125 
0.875 0.0 0.125 0.0 
0.0 0.125 0.875 0.0 
0.0 1.0 0.0 0.0 
0.875 0.125 0.0 0.0 
0.125 0.0 0.875 0.0 
0.25 0.625 0.0 0.125 

MOTIF RPS3_HepG2_ACCCA
letter-probability matrix: alength= 4 w= 7
0.0 0.6666666666666666 0.3333333333333333 0.0 
1.0 0.0 0.0 0.0 
0.0 1.0 0.0 0.0 
0.0 1.0 0.0 0.0 
0.0 1.0 0.0 0.0 
0.0 0.6666666666666666 0.3333333333333333 0.0 
0.0 0.3333333333333333 0.3333333333333333 0.3333333333333333 

MOTIF RPS3_HepG2_GCUCC
letter-probability matrix: alength= 4 w= 7
0.0 0.0 1.0 0.0 
0.0 0.0 1.0 0.0 
0.0 1.0 0.0 0.0 
0.0 0.0 0.0 1.0 
0.0 1.0 0.0 0.0 
0.0 0.5 0.5 0.0 
0.0 0.0 1.0 0.0 

MOTIF RPS3_HepG2_GACGG
letter-probability matrix: alength= 4 w= 7
0.0 1.0 0.0 0.0 
0.0 0.0 1.0 0.0 
1.0 0.0 0.0 0.0 
0.0 1.0 0.0 0.0 
0.0 0.0 1.0 0.0 
0.0 0.0 1.0 0.0 
0.0 1.0 0.0 0.0 

MOTIF RPS3_HepG2_CACCG
letter-probability matrix: alength= 4 w= 7
0.3333333333333333 0.3333333333333333 0.0 0.3333333333333333 
0.0 1.0 0.0 0.0 
0.6666666666666666 0.3333333333333333 0.0 0.0 
0.0 1.0 0.0 0.0 
0.0 1.0 0.0 0.0 
0.3333333333333333 0.0 0.6666666666666666 0.0 
0.3333333333333333 0.3333333333333333 0.3333333333333333 0.0 

MOTIF RPS3_HepG2_GGUGG
letter-probability matrix: alength= 4 w= 7
0.25 0.0 0.5 0.25 
0.0 0.0 1.0 0.0 
0.0 0.0 1.0 0.0 
0.0 0.0 0.0 1.0 
0.0 0.0 1.0 0.0 
0.25 0.0 0.75 0.0 
0.0 0.5 0.5 0.0 

MOTIF RPS3_HepG2_GGGCG
letter-probability matrix: alength= 4 w= 7
0.0 0.0 1.0 0.0 
0.0 0.0 1.0 0.0 
0.0 0.0 1.0 0.0 
0.0 0.0 1.0 0.0 
0.0 1.0 0.0 0.0 
0.0 0.0 1.0 0.0 
0.0 1.0 0.0 0.0 

MOTIF RPS3_HepG2_CGAAC
letter-probability matrix: alength= 4 w= 7
1.0 0.0 0.0 0.0 
0.0 1.0 0.0 0.0 
0.0 0.0 1.0 0.0 
1.0 0.0 0.0 0.0 
1.0 0.0 0.0 0.0 
0.0 1.0 0.0 0.0 
0.0 0.5 0.0 0.5 

MOTIF RPS3_HepG2_CCCUG
letter-probability matrix: alength= 4 w= 7
0.0 0.5 0.5 0.0 
0.0 1.0 0.0 0.0 
0.0 1.0 0.0 0.0 
0.0 1.0 0.0 0.0 
0.0 0.0 0.0 1.0 
0.0 0.5 0.5 0.0 
0.0 1.0 0.0 0.0 

MOTIF RPS3_HepG2_UGCCC
letter-probability matrix: alength= 4 w= 7
0.0 0.4 0.6 0.0 
0.2 0.0 0.0 0.8 
0.0 0.2 0.8 0.0 
0.0 1.0 0.0 0.0 
0.0 1.0 0.0 0.0 
0.0 1.0 0.0 0.0 
0.2 0.6 0.0 0.2 

MOTIF RPS3_HepG2_CUCAC
letter-probability matrix: alength= 4 w= 7
0.5 0.0 0.5 0.0 
0.0 1.0 0.0 0.0 
0.0 0.0 0.0 1.0 
0.0 1.0 0.0 0.0 
1.0 0.0 0.0 0.0 
0.0 1.0 0.0 0.0 
0.0 1.0 0.0 0.0 

MOTIF RPS3_HepG2_CCAGC
letter-probability matrix: alength= 4 w= 7
0.2 0.4 0.4 0.0 
0.0 1.0 0.0 0.0 
0.0 1.0 0.0 0.0 
1.0 0.0 0.0 0.0 
0.0 0.0 1.0 0.0 
0.0 1.0 0.0 0.0 
0.2 0.4 0.4 0.0 

MOTIF RPS3_HepG2_AACGC
letter-probability matrix: alength= 4 w= 7
0.0 0.0 1.0 0.0 
1.0 0.0 0.0 0.0 
1.0 0.0 0.0 0.0 
0.0 1.0 0.0 0.0 
0.0 0.0 1.0 0.0 
0.0 1.0 0.0 0.0 
1.0 0.0 0.0 0.0 

MOTIF SND1_HepG2_ACCAG
letter-probability matrix: alength= 4 w= 7
0.14285714285714285 0.0 0.14285714285714285 0.7142857142857143 
0.2857142857142857 0.14285714285714285 0.0 0.5714285714285714 
0.0 1.0 0.0 0.0 
0.0 1.0 0.0 0.0 
1.0 0.0 0.0 0.0 
0.0 0.14285714285714285 0.8571428571428571 0.0 
0.0 0.5714285714285714 0.2857142857142857 0.14285714285714285 

MOTIF SND1_HepG2_UGGUG
letter-probability matrix: alength= 4 w= 7
0.0 0.6 0.2 0.2 
0.2 0.0 0.0 0.8 
0.0 0.0 1.0 0.0 
0.0 0.6 0.4 0.0 
0.0 0.0 0.0 1.0 
0.0 0.0 1.0 0.0 
0.2 0.2 0.4 0.2 

MOTIF SND1_HepG2_GCUGC
letter-probability matrix: alength= 4 w= 7
0.3333333333333333 0.0 0.0 0.6666666666666666 
0.0 0.6666666666666666 0.3333333333333333 0.0 
0.0 1.0 0.0 0.0 
0.0 0.0 0.0 1.0 
0.0 0.0 1.0 0.0 
0.0 1.0 0.0 0.0 
0.0 0.6666666666666666 0.0 0.3333333333333333 

MOTIF SND1_HepG2_CCCCA
letter-probability matrix: alength= 4 w= 7
0.0 0.0 0.0 1.0 
0.0 1.0 0.0 0.0 
0.0 1.0 0.0 0.0 
0.0 0.5 0.0 0.5 
0.0 1.0 0.0 0.0 
1.0 0.0 0.0 0.0 
0.0 0.0 0.0 1.0 

MOTIF SND1_HepG2_UUACC
letter-probability matrix: alength= 4 w= 7
1.0 0.0 0.0 0.0 
0.0 0.0 0.0 1.0 
0.0 0.0 0.0 1.0 
1.0 0.0 0.0 0.0 
0.0 1.0 0.0 0.0 
0.0 1.0 0.0 0.0 
0.0 0.0 0.0 1.0 

MOTIF SND1_HepG2_GUGGG
letter-probability matrix: alength= 4 w= 7
0.0 0.0 0.0 1.0 
0.0 0.0 1.0 0.0 
0.0 0.0 0.0 1.0 
0.0 0.0 1.0 0.0 
0.0 0.0 1.0 0.0 
0.0 0.0 1.0 0.0 
0.0 1.0 0.0 0.0 

MOTIF SND1_HepG2_CAGGU
letter-probability matrix: alength= 4 w= 7
0.25 0.25 0.25 0.25 
0.0 1.0 0.0 0.0 
1.0 0.0 0.0 0.0 
0.0 0.25 0.75 0.0 
0.0 0.0 1.0 0.0 
0.25 0.0 0.0 0.75 
0.0 0.5 0.0 0.5 

MOTIF SND1_HepG2_GGCGG
letter-probability matrix: alength= 4 w= 7
0.0 0.0 1.0 0.0 
0.0 0.0 1.0 0.0 
0.0 0.0 1.0 0.0 
0.0 1.0 0.0 0.0 
0.0 0.0 1.0 0.0 
0.0 0.0 1.0 0.0 
1.0 0.0 0.0 0.0 

MOTIF SND1_HepG2_GUCCA
letter-probability matrix: alength= 4 w= 7
0.5 0.0 0.5 0.0 
0.0 0.0 1.0 0.0 
0.0 0.0 0.0 1.0 
0.0 1.0 0.0 0.0 
0.0 1.0 0.0 0.0 
0.5 0.0 0.0 0.5 
0.0 0.0 1.0 0.0 

MOTIF SND1_HepG2_ACGGU
letter-probability matrix: alength= 4 w= 7
0.0 1.0 0.0 0.0 
1.0 0.0 0.0 0.0 
0.0 1.0 0.0 0.0 
0.0 0.0 1.0 0.0 
0.0 0.0 1.0 0.0 
0.0 0.0 0.0 1.0 
1.0 0.0 0.0 0.0 

MOTIF SND1_HepG2_CCUGG
letter-probability matrix: alength= 4 w= 7
0.0 0.0 0.0 1.0 
0.0 1.0 0.0 0.0 
0.0 1.0 0.0 0.0 
0.0 0.0 0.0 1.0 
0.0 0.0 1.0 0.0 
0.0 0.0 1.0 0.0 
0.0 0.0 0.0 1.0 

MOTIF SND1_HepG2_GGUCAU
letter-probability matrix: alength= 4 w= 7
0.0 0.0 1.0 0.0 
0.0 0.0 1.0 0.0 
0.0 0.0 0.0 1.0 
0.0 1.0 0.0 0.0 
0.6666666666666666 0.3333333333333333 0.0 0.0 
0.0 0.0 0.0 1.0 
0.0 0.6666666666666666 0.3333333333333333 0.0 

MOTIF SND1_HepG2_GGAGAC
letter-probability matrix: alength= 4 w= 7
0.0 0.0 1.0 0.0 
0.0 0.0 1.0 0.0 
1.0 0.0 0.0 0.0 
0.0 0.0 1.0 0.0 
1.0 0.0 0.0 0.0 
0.0 1.0 0.0 0.0 
0.0 0.0 1.0 0.0 

MOTIF UPF1_HepG2_GGGUG
letter-probability matrix: alength= 4 w= 7
0.21621621621621623 0.08108108108108109 0.2972972972972973 0.40540540540540543 
0.08108108108108109 0.0 0.8918918918918919 0.02702702702702703 
0.02702702702702703 0.0 0.972972972972973 0.0 
0.0 0.02702702702702703 0.972972972972973 0.0 
0.13513513513513514 0.02702702702702703 0.1891891891891892 0.6486486486486487 
0.0 0.02702702702702703 0.918918918918919 0.05405405405405406 
0.13513513513513514 0.1891891891891892 0.35135135135135137 0.32432432432432434 

MOTIF UPF1_HepG2_CUCCU
letter-probability matrix: alength= 4 w= 7
0.10526315789473684 0.47368421052631576 0.21052631578947367 0.21052631578947367 
0.10526315789473684 0.7894736842105263 0.05263157894736842 0.05263157894736842 
0.10526315789473684 0.0 0.0 0.8947368421052632 
0.0 1.0 0.0 0.0 
0.0 1.0 0.0 0.0 
0.0 0.10526315789473684 0.0 0.8947368421052632 
0.10526315789473684 0.21052631578947367 0.5789473684210527 0.10526315789473684 

MOTIF UPF1_HepG2_UGGGA
letter-probability matrix: alength= 4 w= 7
0.14285714285714285 0.42857142857142855 0.23809523809523808 0.19047619047619047 
0.047619047619047616 0.0 0.047619047619047616 0.9047619047619048 
0.0 0.0 1.0 0.0 
0.0 0.0 1.0 0.0 
0.0 0.0 1.0 0.0 
0.38095238095238093 0.38095238095238093 0.23809523809523808 0.0 
0.38095238095238093 0.19047619047619047 0.19047619047619047 0.23809523809523808 

MOTIF UPF1_HepG2_GGAGG
letter-probability matrix: alength= 4 w= 7
0.23809523809523808 0.047619047619047616 0.5238095238095238 0.19047619047619047 
0.047619047619047616 0.0 0.9047619047619048 0.047619047619047616 
0.047619047619047616 0.0 0.9523809523809523 0.0 
1.0 0.0 0.0 0.0 
0.047619047619047616 0.0 0.9523809523809523 0.0 
0.2857142857142857 0.0 0.6666666666666666 0.047619047619047616 
0.09523809523809523 0.38095238095238093 0.3333333333333333 0.19047619047619047 

MOTIF UPF1_HepG2_GCUGG
letter-probability matrix: alength= 4 w= 7
0.3333333333333333 0.2222222222222222 0.3333333333333333 0.1111111111111111 
0.1111111111111111 0.1111111111111111 0.7777777777777778 0.0 
0.0 1.0 0.0 0.0 
0.0 0.0 0.0 1.0 
0.0 0.0 1.0 0.0 
0.0 0.1111111111111111 0.8888888888888888 0.0 
0.4444444444444444 0.1111111111111111 0.3333333333333333 0.1111111111111111 

MOTIF UPF1_HepG2_CCUGA
letter-probability matrix: alength= 4 w= 7
0.18181818181818182 0.6363636363636364 0.09090909090909091 0.09090909090909091 
0.0 0.9090909090909091 0.0 0.09090909090909091 
0.0 1.0 0.0 0.0 
0.18181818181818182 0.0 0.0 0.8181818181818182 
0.0 0.2727272727272727 0.7272727272727273 0.0 
0.5454545454545454 0.0 0.18181818181818182 0.2727272727272727 
0.18181818181818182 0.2727272727272727 0.45454545454545453 0.09090909090909091 

MOTIF UPF1_HepG2_GGCCA
letter-probability matrix: alength= 4 w= 7
0.3181818181818182 0.09090909090909091 0.09090909090909091 0.5 
0.09090909090909091 0.0 0.9090909090909091 0.0 
0.0 0.09090909090909091 0.9090909090909091 0.0 
0.0 0.8181818181818182 0.18181818181818182 0.0 
0.0 1.0 0.0 0.0 
0.6363636363636364 0.18181818181818182 0.09090909090909091 0.09090909090909091 
0.18181818181818182 0.22727272727272727 0.5 0.09090909090909091 

MOTIF UPF1_HepG2_GCACC
letter-probability matrix: alength= 4 w= 7
0.0 0.7 0.3 0.0 
0.0 0.6 0.3 0.1 
0.0 1.0 0.0 0.0 
1.0 0.0 0.0 0.0 
0.0 1.0 0.0 0.0 
0.1 0.8 0.0 0.1 
0.2 0.5 0.3 0.0 

MOTIF UPF1_HepG2_CUCUG
letter-probability matrix: alength= 4 w= 7
0.07692307692307693 0.6153846153846154 0.0 0.3076923076923077 
0.0 1.0 0.0 0.0 
0.07692307692307693 0.0 0.0 0.9230769230769231 
0.0 0.9230769230769231 0.07692307692307693 0.0 
0.0 0.0 0.0 1.0 
0.0 0.0 1.0 0.0 
0.07692307692307693 0.15384615384615385 0.6923076923076923 0.07692307692307693 

MOTIF UPF1_HepG2_ACCCA
letter-probability matrix: alength= 4 w= 7
0.0 0.5 0.0 0.5 
0.5 0.0 0.5 0.0 
0.0 1.0 0.0 0.0 
0.25 0.75 0.0 0.0 
0.0 1.0 0.0 0.0 
0.75 0.0 0.0 0.25 
0.0 0.5 0.5 0.0 

MOTIF UPF1_HepG2_CCAGG
letter-probability matrix: alength= 4 w= 7
0.17391304347826086 0.30434782608695654 0.17391304347826086 0.34782608695652173 
0.13043478260869565 0.8695652173913043 0.0 0.0 
0.08695652173913043 0.8260869565217391 0.0 0.08695652173913043 
1.0 0.0 0.0 0.0 
0.043478260869565216 0.0 0.9565217391304348 0.0 
0.0 0.043478260869565216 0.9565217391304348 0.0 
0.043478260869565216 0.391304347826087 0.21739130434782608 0.34782608695652173 

MOTIF UPF1_HepG2_UCCCC
letter-probability matrix: alength= 4 w= 7
0.0 0.3333333333333333 0.0 0.6666666666666666 
0.0 0.0 0.0 1.0 
0.0 0.6666666666666666 0.3333333333333333 0.0 
0.0 1.0 0.0 0.0 
0.0 1.0 0.0 0.0 
0.0 0.6666666666666666 0.0 0.3333333333333333 
0.3333333333333333 0.0 0.6666666666666666 0.0 

MOTIF UPF1_HepG2_UGCCU
letter-probability matrix: alength= 4 w= 7
0.25 0.25 0.25 0.25 
0.5 0.0 0.0 0.5 
0.0 0.0 1.0 0.0 
0.0 0.75 0.0 0.25 
0.0 1.0 0.0 0.0 
0.0 0.0 0.0 1.0 
0.25 0.0 0.75 0.0 

MOTIF UPF1_HepG2_GGGCU
letter-probability matrix: alength= 4 w= 7
0.25 0.0 0.375 0.375 
0.0 0.0 0.875 0.125 
0.0 0.0 1.0 0.0 
0.0 0.0 1.0 0.0 
0.0 1.0 0.0 0.0 
0.0 0.0 0.125 0.875 
0.125 0.375 0.25 0.25 

MOTIF UPF1_HepG2_CCACA
letter-probability matrix: alength= 4 w= 7
0.0 0.2 0.6 0.2 
0.0 0.8 0.0 0.2 
0.0 1.0 0.0 0.0 
1.0 0.0 0.0 0.0 
0.0 1.0 0.0 0.0 
1.0 0.0 0.0 0.0 
0.0 0.2 0.8 0.0 

MOTIF UPF1_HepG2_GGCAG
letter-probability matrix: alength= 4 w= 7
0.3333333333333333 0.0 0.0 0.6666666666666666 
0.0 0.0 0.6666666666666666 0.3333333333333333 
0.3333333333333333 0.0 0.6666666666666666 0.0 
0.0 1.0 0.0 0.0 
1.0 0.0 0.0 0.0 
0.0 0.0 1.0 0.0 
0.3333333333333333 0.0 0.3333333333333333 0.3333333333333333 

MOTIF UPF1_HepG2_CAGAG
letter-probability matrix: alength= 4 w= 7
0.0 0.75 0.0 0.25 
0.0 1.0 0.0 0.0 
1.0 0.0 0.0 0.0 
0.0 0.0 1.0 0.0 
1.0 0.0 0.0 0.0 
0.0 0.0 1.0 0.0 
0.0 0.75 0.25 0.0 

MOTIF UPF1_HepG2_GUGAG
letter-probability matrix: alength= 4 w= 7
0.0 0.16666666666666666 0.6666666666666666 0.16666666666666666 
0.0 0.16666666666666666 0.6666666666666666 0.16666666666666666 
0.0 0.0 0.0 1.0 
0.0 0.0 1.0 0.0 
1.0 0.0 0.0 0.0 
0.0 0.0 1.0 0.0 
0.0 0.5 0.3333333333333333 0.16666666666666666 

MOTIF UPF1_HepG2_UAGGG
letter-probability matrix: alength= 4 w= 7
1.0 0.0 0.0 0.0 
1.0 0.0 0.0 0.0 
1.0 0.0 0.0 0.0 
0.0 0.0 1.0 0.0 
0.0 0.0 1.0 0.0 
0.0 0.0 1.0 0.0 
1.0 0.0 0.0 0.0 

MOTIF UPF1_HepG2_GCCCU
letter-probability matrix: alength= 4 w= 7
1.0 0.0 0.0 0.0 
0.0 0.0 1.0 0.0 
0.0 1.0 0.0 0.0 
0.0 1.0 0.0 0.0 
0.0 1.0 0.0 0.0 
0.0 0.0 0.0 1.0 
0.0 1.0 0.0 0.0 

MOTIF UPF1_HepG2_UGUCC
letter-probability matrix: alength= 4 w= 7
0.3333333333333333 0.3333333333333333 0.0 0.3333333333333333 
0.0 0.0 0.3333333333333333 0.6666666666666666 
0.0 0.0 1.0 0.0 
0.0 0.0 0.0 1.0 
0.0 1.0 0.0 0.0 
0.0 1.0 0.0 0.0 
0.0 0.3333333333333333 0.0 0.6666666666666666 

MOTIF UPF1_HepG2_AGUGG
letter-probability matrix: alength= 4 w= 7
0.0 1.0 0.0 0.0 
0.5 0.0 0.0 0.5 
0.0 0.0 1.0 0.0 
0.0 0.0 0.0 1.0 
0.0 0.0 1.0 0.0 
0.0 0.0 1.0 0.0 
0.0 0.5 0.5 0.0 

MOTIF UPF1_HepG2_AGGAC
letter-probability matrix: alength= 4 w= 7
1.0 0.0 0.0 0.0 
1.0 0.0 0.0 0.0 
0.0 0.0 1.0 0.0 
0.0 0.0 1.0 0.0 
1.0 0.0 0.0 0.0 
0.0 1.0 0.0 0.0 
1.0 0.0 0.0 0.0 

MOTIF UPF1_HepG2_CUGUAAU
letter-probability matrix: alength= 4 w= 7
0.0 1.0 0.0 0.0 
0.0 0.0 0.0 1.0 
0.0 0.0 1.0 0.0 
0.0 0.0 0.5 0.5 
1.0 0.0 0.0 0.0 
0.5 0.0 0.5 0.0 
0.0 0.0 0.0 1.0 

MOTIF UPF1_HepG2_UUUUUUUG
letter-probability matrix: alength= 4 w= 7
0.0 0.0 0.0 1.0 
0.0 0.0 0.0 1.0 
0.0 0.0 0.0 1.0 
0.0 0.0 0.0 1.0 
0.0 0.0 0.0 1.0 
0.0 0.0 0.0 1.0 
0.0 0.0 1.0 0.0 

